6
11
9
27.431927
3 16 0
5 6 0
2 42 0
1 62 0
4 14 3 1 2 3
5 56 1 4
1 96 0
2 65 1 5
1 42 1 8
28
5.359439
1 20 0
4 66 0
2 46 1 1
3 95 2 2 3
2 70 2 1 2
3 34 3 1 2 3
3 39 0
1 8 5 1 2 3 5 6
2 65 0
2 9 6 1 2 4 6 7 9
4 65 9 1 2 3 4 5 6 8 9 10
4 44 8 2 3 4 5 6 7 10 11
6 87 2 7 9
4 51 10 1 2 4 5 6 7 8 10 11 12
6 59 11 1 3 4 5 7 8 9 10 12 13 14
4 1 8 3 6 7 8 10 11 13 15
6 91 9 1 4 5 6 8 10 13 15 16
6 20 1 3
3 85 2 12 16
2 37 10 1 2 4 5 6 13 14 15 16 17
6 34 1 1
5 83 13 4 5 6 7 9 10 13 14 15 16 17 18 20
2 65 20 1 2 3 4 5 6 7 8 9 10 11 12 13 14 15 16 17 19 20 21
4 8 10 2 3 5 6 10 11 12 16 17 20
2 53 15 1 2 3 7 8 9 11 12 14 15 16 18 20 22 23
4 1 24 1 2 3 4 5 6 8 9 10 11 12 13 14 15 16 17 18 19 20 21 22 23 24 25
3 42 5 6 14 16 18 23
2 81 0
1
35.132428
1 33 0
3
52.761853
1 26 0
5 86 0
6 46 0
1
16.893640
5 1 0
2
42.549435
1 64 0
6 11 0
21
8.918483
2 63 0
4 74 0
3 2 1 1
6 38 0
4 73 2 1 3
4 9 3 2 3 4
3 60 0
3 89 6 1 2 4 5 6 7
5 87 5 2 3 4 5 7
5 22 4 1 2 5 7
2 65 7 1 2 3 4 6 7 9
4 24 6 2 4 5 7 8 11
3 32 11 1 2 3 4 6 7 8 9 10 11 12
5 68 1 7
2 29 2 1 12
2 42 14 1 2 3 4 5 6 7 8 9 11 12 13 14 15
3 48 0
3 26 0
4 30 3 2 4 16
3 92 16 1 2 3 4 5 6 7 8 9 10 11 13 14 16 17 18
1 69 5 1 6 9 16 20
1
33.072030
5 73 0
13
41.675857
3 44 0
2 45 0
3 34 0
3 69 0
4 8 3 2 3 4
3 53 0
2 85 2 4 6
2 20 5 1 2 3 4 7
3 65 2 6 7
1 49 6 3 5 6 7 8 9
3 89 8 1 3 4 5 6 7 8 9
2 42 0
3 12 9 1 3 4 5 7 8 9 11 12
1
63.224187
3 36 0
3
39.151877
2 29 0
3 38 0
2 16 0
