8
5
76
54.395222
6 64 0
2 96 0
7 48 2 2 1
8 15 3 1 3 2
2 87 0
1 89 1 1
4 92 2 2 6
1 95 3 7 3 6
7 27 2 6 7
2 81 7 4 1 7 5 8 3 2
8 42 4 10 7 3 4
1 72 6 4 7 6 3 10 1
7 59 4 12 7 8 1
5 13 8 4 12 13 6 2 1 10 8
2 71 12 12 4 9 14 2 6 8 5 7 11 13 3
1 89 13 6 9 15 12 3 5 14 1 2 8 7 11 10
7 28 1 3
8 89 1 3
6 20 9 8 7 6 11 12 17 15 10 2
4 68 17 4 15 10 12 8 2 5 9 6 7 18 14 16 1 19 17 3
2 70 13 9 20 8 7 14 2 15 18 13 5 1 4 6
2 3 10 17 11 5 18 21 9 16 6 12 13
4 55 2 20 8
5 31 8 11 17 23 19 12 18 9 15
3 87 17 19 8 6 22 10 15 5 20 17 14 1 7 21 11 18 3 9
3 73 19 18 17 12 10 13 9 19 22 2 16 15 20 8 1 7 11 25 21 3
3 82 9 8 3 2 21 17 18 1 6 24
7 41 23 7 9 6 26 10 15 24 2 23 18 3 1 27 20 16 14 12 13 21 22 17 11 25
4 3 22 15 4 5 26 12 17 16 9 21 11 7 3 23 20 6 28 27 25 8 10 22 14
5 41 4 20 8 9 4
1 70 29 2 9 23 27 3 15 5 1 28 12 13 29 14 11 20 7 24 25 26 10 17 21 22 4 19 16 8 18 6
2 8 3 24 21 25
2 80 31 9 1 17 30 23 24 4 18 16 27 6 5 25 3 10 2 19 21 32 26 28 22 15 29 7 20 13 14 8 31 12
3 84 31 25 11 8 5 19 6 32 12 2 3 33 10 22 18 30 9 16 24 23 7 14 27 15 28 31 29 21 20 13 26 4
7 68 32 15 2 32 18 6 23 19 17 34 33 12 8 29 11 30 20 4 5 3 10 28 16 9 14 26 7 27 13 1 25 31 21
6 94 13 24 33 7 21 20 17 34 4 12 27 30 35 28
3 68 28 5 25 8 36 13 6 18 28 3 12 7 1 21 17 10 11 9 30 33 26 14 2 16 19 24 35 31 15
5 22 27 30 22 4 6 26 14 5 3 35 19 18 13 33 17 11 27 28 10 23 31 1 29 21 36 8 32 2
2 96 12 28 10 2 21 16 1 4 13 6 11 23 36
1 40 12 5 24 35 3 38 30 14 6 32 39 21 7
8 57 7 40 23 1 9 2 32 7
3 6 24 4 35 2 21 31 40 6 11 34 32 15 3 13 9 8 26 27 24 41 16 36 5 18 30
8 14 23 7 20 15 17 36 12 24 28 38 31 39 26 16 41 23 30 1 8 10 13 4 6 34
6 11 41 2 40 34 4 43 6 1 35 31 20 17 18 12 11 29 24 33 8 19 9 32 27 15 7 30 41 42 5 25 14 22 3 38 23 39 10 28 36 21 16 13
7 30 25 23 34 27 39 13 19 38 17 42 36 5 9 30 37 29 40 31 16 3 44 12 41 8 14 6
1 65 27 43 39 45 14 26 9 10 25 32 27 6 41 22 36 40 17 3 44 38 34 31 8 1 42 4 12 37
3 23 11 15 6 38 24 37 35 11 42 41 29 16
8 11 31 27 19 1 37 10 24 2 46 13 20 14 4 47 34 26 22 23 35 39 45 9 33 17 15 7 12 43 30 18 36 42
3 12 5 40 20 39 2 11
8 5 35 15 24 17 2 33 20 42 10 32 8 49 1 46 38 22 48 45 29 30 43 40 35 11 18 34 28 26 27 47 19 37 14 16 12 21
5 58 44 40 50 37 36 33 3 46 28 14 11 45 1 7 44 12 41 48 10 20 26 8 27 18 32 43 24 21 38 49 47 31 25 23 17 34 39 19 15 22 6 5 35 29 16
7 57 32 21 22 31 27 5 30 10 14 15 34 33 23 40 50 6 44 3 20 16 7 36 42 1 28 11 38 37 32 49 12 51 35
6 7 45 38 42 12 37 6 33 44 40 1 16 2 8 7 36 31 21 50 23 34 51 3 27 19 35 52 32 20 18 45 9 48 24 47 28 39 4 30 41 5 17 15 10 22 49 11
8 69 10 43 13 26 16 41 31 3 20 28 15
3 4 31 11 50 24 28 36 22 35 4 23 37 40 33 18 43 46 9 6 42 1 49 21 32 20 14 8 16 52 39 5 25 47
3 23 12 29 22 38 44 2 34 23 16 1 54 15 27
8 33 43 21 10 1 23 25 38 51 29 18 52 56 9 36 37 3 15 16 20 13 14 6 45 32 39 40 24 55 31 12 50 41 8 30 47 46 54 35 19 33 44 42 53 43
8 91 48 3 41 37 49 35 34 10 22 18 50 17 30 21 16 38 28 20 32 12 7 6 43 29 55 36 19 47 24 40 5 51 46 4 57 53 44 45 33 39 1 42 26 8 25 9 31 48 15
3 63 28 11 26 52 43 35 45 9 37 50 2 46 56 10 31 1 55 48 15 51 8 24 39 19 5 16 33 41 32
6 84 16 32 12 38 43 49 44 30 55 47 35 36 9 16 20 59 33
7 25 46 37 34 12 45 21 27 13 7 5 50 53 42 33 39 25 23 16 35 58 43 8 19 30 36 32 44 54 24 10 40 60 17 20 15 26 49 14 9 4 22 41 11 6 48 59 2
7 93 54 39 31 24 9 25 22 40 36 50 53 60 56 30 17 47 41 14 4 15 59 55 33 21 6 8 19 5 10 26 18 57 11 38 35 52 48 61 20 45 43 46 44 3 13 58 37 12 54 51 29 32 23 2 7
2 23 11 49 33 48 47 56 59 35 21 2 25 57
5 64 36 34 42 51 58 27 31 14 3 1 25 10 20 46 44 53 39 12 47 4 56 13 15 50 9 33 52 45 40 62 23 26 57 48 60 28 43
2 2 52 64 55 20 28 61 15 48 35 25 16 8 42 2 14 32 31 7 29 51 47 4 37 43 39 59 38 3 9 36 63 11 40 45 49 22 60 18 26 62 30 27 24 1 46 44 50 19 33 21 23 41 52
3 58 58 61 40 16 22 32 52 43 60 8 63 59 51 15 55 48 36 14 25 23 21 37 6 33 4 31 64 30 54 65 50 35 26 3 34 24 46 28 27 57 42 18 62 10 17 9 56 1 29 12 58 13 2 39 45 44 5 20 41
2 67 11 66 13 50 47 54 15 33 20 10 43 2
1 95 31 67 42 1 8 48 30 10 57 27 24 50 21 32 29 35 31 22 46 13 59 53 26 23 60 17 2 38 55 66 19 39
5 77 28 18 34 29 56 59 32 52 21 10 60 65 36 57 3 42 26 39 44 35 58 55 2 61 54 23 48 41 31
7 1 31 31 28 10 3 35 9 5 42 67 21 47 45 14 56 20 17 58 25 32 51 26 49 6 15 62 4 52 1 19 43 66
5 78 55 21 39 40 46 20 54 16 45 52 18 55 10 30 34 69 31 44 35 26 41 59 50 3 28 64 38 53 37 6 14 62 29 42 9 13 49 17 48 12 8 65 56 4 7 68 61 5 11 70 23 58 60 36 25 22
5 24 29 25 53 50 9 47 68 11 37 42 18 15 63 10 71 23 27 4 70 20 19 1 54 46 43 6 51 52 5 41
1 26 38 60 26 24 28 16 38 61 53 65 42 67 44 13 33 6 37 56 5 29 11 14 18 58 46 32 49 2 30 31 36 66 17 47 7 64 10 70 45
1 49 66 56 61 68 45 57 64 65 72 73 55 26 15 22 17 10 4 31 19 25 38 66 49 3 30 12 8 11 2 71 24 39 33 59 58 46 29 37 36 52 6 34 50 62 1 44 51 5 53 23 47 40 28 21 43 16 67 32 63 54 48 20 70 13 9 27 42
7 55 13 60 48 57 53 25 6 66 58 27 13 4 68 2
6 19 1 41
11
10.87586
6 45 0
7 95 1 1
3 95 0
5 73 3 2 3 1
1 77 0
2 27 2 2 1
1 22 5 2 5 1 6 3
1 42 0
3 84 7 2 8 4 5 3 1 7
8 82 2 9 1
1 67 10 8 9 3 1 7 5 10 4 6 2
1
14.771039
5 42 0
10
26.657317
1 4 0
7 13 1 1
1 21 1 2
6 4 1 2
7 4 2 2 1
6 8 3 4 1 5
2 93 4 5 1 2 6
2 26 0
3 48 2 3 1
3 31 7 1 7 5 2 8 6 3
2
43.652908
2 24 0
1 84 1 1
