8
26
2
63.289514
1 55 0
6 37 0
5
24.291172
1 43 0
8 52 1 1
3 93 0
6 33 0
4 73 2 1 4
5
63.613750
1 55 0
2 31 0
6 94 0
6 70 2 1 2
3 38 2 1 3
3
0.842388
7 37 0
6 25 0
5 66 2 1 2
5
9.909982
6 40 0
8 59 1 1
3 44 1 1
5 3 2 1 2
7 89 2 3 4
4
38.306529
4 31 0
4 72 0
2 77 1 1
2 16 3 1 2 3
4
46.056354
7 62 0
4 49 0
3 25 2 1 2
2 58 2 1 2
1
55.641001
7 43 0
5
3.072783
5 48 0
7 74 1 1
6 15 1 1
5 93 1 2
1 46 1 2
5
41.801519
7 18 0
1 30 0
7 72 2 1 2
4 32 1 1
8 84 2 1 4
2
16.285559
8 57 0
8 74 1 1
4
54.472526
3 80 0
3 20 1 1
8 33 1 1
1 19 2 1 3
5
31.572755
5 51 0
4 22 1 1
4 38 1 2
7 3 1 2
1 57 4 1 2 3 4
5
10.814282
8 74 0
6 66 0
5 47 0
3 54 1 1
2 69 2 2 3
4
55.852723
7 16 0
2 40 1 1
6 56 2 1 2
7 54 2 2 3
4
51.528483
4 24 0
1 50 0
8 9 0
4 4 2 1 3
4
31.925131
3 81 0
7 45 1 1
7 25 2 1 2
6 64 2 1 3
4
18.795342
2 19 0
3 64 0
3 15 1 2
2 28 1 3
5
38.419878
3 30 0
2 57 0
2 17 1 2
8 61 3 1 2 3
6 12 2 3 4
5
25.640954
8 64 0
2 3 1 1
6 93 1 2
8 91 1 1
6 17 3 1 2 4
1
56.824483
8 70 0
3
45.801846
5 88 0
3 94 1 1
3 30 1 2
2
19.164707
2 81 0
2 81 1 1
3
5.424554
8 11 0
8 21 1 1
8 21 2 1 2
3
35.483734
6 20 0
8 70 1 1
6 86 2 1 2
3
46.107549
6 94 0
6 23 1 1
6 65 0
