5
25
2
31.53126
2 44 1 2
1 37 0
2
12.09180
1 80 0
1 74 1 1
4
39.03516
2 41 2 2 3
1 56 0
4 5 0
1 70 0
1
37.04493
2 51 0
1
8.83009
1 25 0
4
24.64844
4 76 1 2
3 74 1 4
5 75 0
1 91 0
7
2.66212
5 91 3 2 5 6
3 29 0
2 59 0
5 64 2 6 7
2 23 1 6
2 23 0
1 72 1 2
6
13.76563
5 91 2 2 3
1 67 0
2 66 1 4
1 75 0
4 73 2 4 6
4 49 0
4
63.33398
2 70 2 3 4
3 70 1 4
4 17 0
4 45 0
6
4.81056
2 29 0
1 28 2 1 5
2 50 2 1 2
1 65 0
1 26 1 1
4 12 0
8
9.76759
5 21 4 2 5 6 8
3 80 3 3 4 7
1 63 1 5
5 41 0
5 46 0
4 84 1 8
1 89 0
4 38 0
6
62.05859
2 63 3 2 3 5
1 62 1 6
4 61 2 2 4
2 34 0
5 15 1 3
1 28 0
8
47.64844
1 51 0
3 71 0
2 31 2 5 6
2 91 2 2 8
2 19 1 6
4 11 0
2 90 0
2 78 1 1
1
1.00978
3 5 0
1
44.13282
1 80 0
5
35.22657
3 3 1 2
1 25 0
1 52 0
5 45 0
1 86 2 3 4
7
33.29102
5 10 2 4 5
4 94 1 7
4 52 0
1 94 1 6
3 76 0
4 28 1 7
1 23 0
6
2.16993
4 85 0
1 34 2 3 5
1 60 0
5 14 0
5 5 1 4
1 74 2 2 5
1
12.57032
2 79 0
3
17.24610
5 86 0
5 87 0
2 45 0
4
5.33009
5 10 1 4
1 93 0
4 32 1 1
2 19 0
2
30.27930
5 67 1 2
3 65 0
3
33.01563
1 51 1 3
3 28 1 3
4 48 0
7
55.87305
5 68 0
3 29 1 1
3 46 0
4 15 2 1 2
3 88 0
1 31 0
2 36 1 1
1
49.72071
5 7 0
