8
17
7
0
4 16 0
1 66 0
1 85 0
1 67 0
2 57 0
1 67 0
1 71 0
2
0
1 67 0
1 11 0
3
0
1 81 0
2 55 0
2 73 0
2
0
3 67 0
3 67 0
4
0
6 95 0
3 73 0
1 74 0
6 79 0
8
0
1 93 0
3 76 0
1 60 0
1 61 0
3 89 0
1 89 0
1 66 0
2 40 0
3
0
1 67 0
2 73 0
1 76 0
8
0
1 28 0
1 90 0
6 82 0
6 88 0
2 20 0
1 86 0
1 63 0
5 15 0
8
0
1 31 0
1 67 0
6 95 0
7 36 0
1 3 0
7 70 0
1 5 0
1 71 0
8
0
1 76 0
1 64 0
7 88 0
4 25 0
1 71 0
1 32 0
5 67 0
2 68 0
2
0
6 78 0
1 77 0
5
0
1 15 0
2 36 0
2 24 0
5 9 0
1 14 0
7
0
3 89 0
5 81 0
2 85 0
3 17 0
1 91 0
2 56 0
1 61 0
5
0
1 71 0
1 32 0
4 64 0
1 87 0
1 44 0
7
0
4 74 0
1 37 0
1 48 0
1 62 0
7 94 0
3 60 0
1 67 0
8
0
6 73 0
1 61 0
6 66 0
1 90 0
4 5 0
1 35 0
1 25 0
4 84 0
6
0
1 89 0
3 57 0
4 68 0
5 87 0
1 91 0
1 85 0
