3
20
3
0.13280
3 94 0
2 92 0
2 72 0
4
0.90470
3 29 3 2 3 4
2 35 0
3 37 1 2
2 65 1 3
1
0.38450
1 6 0
4
0.69790
1 52 1 3
1 96 0
2 41 0
3 28 0
3
0.64420
2 52 0
2 37 1 1
1 72 1 1
3
0.44120
3 8 0
1 71 1 1
1 5 2 1 2
3
0.18710
3 40 1 2
2 72 0
1 88 1 2
3
0.27900
3 82 0
2 52 0
1 93 1 1
3
0.33860
2 89 1 3
3 13 1 3
2 68 0
5
0.35920
1 83 1 4
3 71 2 4 3
3 16 2 4 1
3 77 1 5
2 82 0
2
0.64750
2 22 0
3 63 1 1
4
0.57350
1 6 2 3 2
3 95 2 3 4
3 89 0
1 39 0
5
0.27750
1 47 2 4 3
1 50 2 4 3
2 48 0
1 16 0
3 91 2 2 1
4
0.04870
2 1 2 2 4
2 90 0
3 42 1 1
1 9 0
3
0.86370
1 58 0
2 49 0
1 7 1 1
3
0.68980
1 74 0
3 40 0
1 67 1 1
2
0.69970
1 24 0
2 22 0
1
0.92540
1 72 0
3
0.41930
2 95 2 2 3
2 2 0
2 33 1 2
1
0.17200
3 51 0
