8
29
3
49.259659
8 62 1 3
2 7 1 3
8 83 0
3
43.933503
8 71 1 3
4 82 1 3
6 50 0
2
63.044752
2 40 1 2
4 13 0
2
31.009327
4 81 1 2
4 68 0
3
8.743369
8 47 2 3 2
6 84 0
8 38 0
3
60.351095
3 49 2 3 2
4 81 1 3
6 63 0
3
23.422593
5 60 2 3 2
2 87 1 3
1 14 0
2
0.963352
3 50 1 2
7 63 0
2
25.471971
7 74 1 2
1 73 0
2
45.534231
1 38 1 2
5 2 0
3
63.889758
8 14 2 3 2
6 7 1 3
2 66 0
3
20.549263
7 42 1 3
3 72 1 3
3 11 0
3
19.331306
4 84 2 3 2
8 42 1 3
5 95 0
3
31.595937
1 70 1 2
2 10 0
3 45 0
2
10.607257
4 51 0
2 69 0
3
52.884576
6 43 2 3 2
6 76 1 3
6 10 0
2
24.841719
6 93 1 2
5 76 0
3
55.570173
1 57 1 2
8 68 1 3
8 25 0
2
29.251460
8 63 0
4 83 0
3
48.037753
4 32 2 3 2
5 38 0
1 71 0
2
48.671474
7 51 1 2
7 51 0
2
14.302072
1 10 1 2
4 25 0
3
44.847758
4 77 1 3
4 96 1 3
1 96 0
2
53.769013
4 41 0
4 48 0
3
55.955915
8 27 2 3 2
8 56 0
3 77 0
2
45.470489
3 94 1 2
7 68 0
2
58.347259
4 3 0
5 53 0
2
47.387193
3 51 0
4 85 0
3
48.534197
4 42 2 3 2
6 39 0
2 18 0
