8
25
2
14.214827
2 31 0
2 69 0
1
3.097227
6 55 0
1
20.698089
2 35 0
1
60.360725
5 92 0
3
24.312962
3 2 0
3 4 0
3 89 2 1 2
1
56.141180
1 62 0
1
43.062027
2 50 0
1
55.224087
4 80 0
10
39.712492
5 52 0
2 74 1 1
3 76 1 2
8 27 1 2
4 12 2 3 1
2 28 4 1 4 3 5
1 77 4 4 1 3 5
2 17 4 7 1 3 4
4 60 6 3 4 5 8 7 2
7 74 8 4 5 3 1 7 2 6 8
1
40.395592
4 65 0
4
22.145151
8 81 0
3 28 1 1
6 15 2 1 2
8 33 0
5
38.530387
7 84 0
2 66 0
2 53 1 1
3 51 0
2 71 0
3
27.114202
3 75 0
3 55 1 1
6 58 2 2 1
8
45.736400
1 87 0
2 68 1 1
5 61 1 1
7 36 1 2
4 77 1 3
8 94 2 4 5
5 64 2 1 2
8 11 4 6 3 7 5
3
43.230663
5 4 0
5 65 0
8 80 0
8
19.261213
7 66 0
3 17 1 1
2 12 1 2
2 45 3 2 3 1
4 66 3 2 4 3
5 82 4 3 4 5 1
5 57 6 4 1 5 6 3 2
2 38 4 1 7 3 2
4
22.435868
2 55 0
7 38 1 1
4 66 1 2
8 90 1 1
11
37.515908
6 38 0
8 79 1 1
1 96 1 1
8 47 2 2 1
1 13 0
7 91 1 2
3 62 0
8 23 6 2 3 5 1 6 7
5 10 3 4 5 3
8 15 2 4 8
3 65 1 4
1
24.786005
1 14 0
1
5.273994
6 2 0
1
21.003062
4 53 0
3
8.396142
2 15 0
5 59 1 1
6 54 1 1
1
44.955855
8 42 0
9
41.397623
1 23 0
8 72 0
2 60 1 2
2 36 3 3 1 2
3 95 3 1 4 2
8 40 0
5 93 1 1
2 31 3 5 6 2
6 35 0
1
63.272182
8 94 0
