7
12
6
14.001444
3 11 4 6 5 4 3
3 3 4 6 5 4 3
3 19 2 6 5
6 19 2 6 5
3 78 1 6
5 47 0
6
61.269048
7 89 4 6 5 4 2
4 58 4 6 5 4 3
2 61 2 6 5
5 45 2 6 5
3 83 1 6
6 58 0
6
12.333866
3 44 5 6 5 4 3 2
5 94 3 6 5 4
4 60 3 6 5 4
2 94 2 6 5
5 42 1 6
6 41 0
8
47.173118
2 4 6 8 7 6 5 4 3
5 2 5 8 7 5 4 3
7 27 4 8 7 6 5
4 25 4 8 7 6 5
3 53 3 8 7 6
5 29 1 8
4 85 1 8
4 86 0
8
9.659845
3 7 6 8 7 6 5 4 3
3 34 4 7 6 5 4
4 3 4 8 7 6 4
2 22 3 8 7 6
1 82 3 8 7 6
7 67 2 8 7
3 42 0
7 6 0
6
14.820346
5 53 4 6 5 4 3
1 6 3 6 5 4
3 27 2 6 5
6 71 2 6 5
6 69 0
4 1 0
7
0.275753
1 39 4 6 5 4 3
4 21 5 7 6 5 4 3
5 31 2 6 5
7 93 3 7 6 5
1 76 2 7 6
7 25 1 7
1 51 0
7
46.373311
7 16 5 7 6 5 4 3
2 92 5 7 6 5 4 3
2 83 2 7 5
4 70 3 7 6 5
6 44 1 7
1 58 1 7
4 40 0
7
25.279890
5 36 5 7 6 5 4 3
6 70 5 7 6 5 4 3
1 35 3 7 6 5
5 17 1 6
7 44 1 7
5 90 1 7
2 1 0
7
12.313688
6 14 5 7 6 5 4 3
2 81 4 7 6 5 3
1 40 4 7 6 5 4
7 24 3 7 6 5
1 39 1 7
7 45 1 7
6 2 0
8
10.972393
2 64 6 8 7 6 5 4 3
3 28 6 8 7 6 5 4 3
4 36 4 8 6 5 4
7 79 3 8 7 6
4 24 2 7 6
5 28 1 8
2 46 1 8
4 82 0
7
1.890542
6 94 5 7 6 4 3 2
1 36 3 7 5 4
5 72 4 7 6 5 4
2 88 2 7 6
6 20 1 7
2 26 1 7
5 54 0
