3
30
3
53.302246
1 23 1 2
3 6 1 3
2 19 0
1
54.127950
1 75 0
3
53.027244
1 73 2 2 3
2 27 1 3
3 41 0
1
54.931381
3 83 0
2
53.081352
2 56 0
3 3 0
3
55.019538
2 13 0
1 37 1 1
3 17 2 1 2
3
52.407461
2 62 1 2
2 37 0
1 86 2 1 2
2
53.591582
2 58 0
1 23 1 1
1
52.526235
3 31 0
1
54.807549
2 64 0
3
52.693041
3 46 0
2 88 1 1
1 34 1 2
2
54.210627
2 13 0
1 2 1 1
4
53.595266
3 1 2 2 3
1 11 0
2 42 0
2 85 2 1 2
2
54.267768
2 54 0
3 2 1 1
3
54.056144
2 11 2 2 3
3 12 0
1 19 1 2
7
53.964935
1 89 0
2 69 2 1 6
3 48 5 1 2 4 5 6
2 1 1 1
2 33 3 2 4 6
2 47 2 1 4
2 74 3 1 3 5
2
52.556719
2 22 1 2
1 23 0
7
53.182226
1 66 0
3 11 3 3 5 7
2 20 2 1 5
3 31 4 1 5 6 7
1 42 1 1
1 77 4 1 3 5 7
3 42 2 3 5
2
54.104661
2 39 0
2 38 1 1
8
53.726784
2 58 2 5 8
2 24 1 3
2 82 0
2 72 4 1 2 6 8
2 87 1 8
3 4 4 1 3 5 8
3 6 5 2 4 5 6 8
3 89 2 2 3
8
53.129368
3 33 0
2 54 3 1 6 8
3 21 2 7 8
1 41 2 2 7
3 67 4 1 3 4 6
1 80 1 1
1 12 3 2 6 8
2 43 0
6
51.827748
2 13 4 2 3 4 5
3 70 0
3 69 1 2
2 31 2 2 3
1 4 3 2 3 4
2 54 5 1 2 3 4 5
1
52.998505
3 8 0
2
54.039741
1 3 1 2
3 23 0
4
52.586027
3 3 0
1 38 2 3 4
3 86 0
1 32 2 1 3
3
54.488311
1 41 0
3 19 1 1
3 28 1 2
2
53.619171
2 76 0
3 77 1 1
7
53.201868
2 43 1 6
3 27 5 1 4 5 6 7
3 62 6 1 2 4 5 6 7
2 44 3 1 5 7
1 48 2 1 6
3 43 0
1 9 3 1 5 6
1
53.149331
3 63 0
6
55.268497
1 82 3 2 4 5
3 5 0
3 23 4 1 2 4 5
1 69 1 2
1 19 2 2 4
2 63 3 2 3 5
