8
30
1
39.621135
1 76 0
1
23.658293
3 41 0
1
4.962280
7 74 0
1
20.513695
8 15 0
1
30.924789
8 66 0
1
46.762995
3 3 0
1
43.772986
1 16 0
1
52.292802
5 22 0
1
13.220843
5 16 0
1
30.367482
6 53 0
1
17.893850
7 29 0
1
53.886247
5 16 0
5
9.340316
6 14 0
7 13 1 1
8 12 2 2 1
6 42 3 1 2 3
6 83 1 3
1
57.415972
7 28 0
10
35.276669
3 34 0
1 30 1 1
8 19 0
7 42 3 2 3 1
3 52 1 2
6 21 1 1
8 18 4 5 3 4 6
8 92 2 2 6
4 64 7 8 6 3 1 7 2 4
5 19 8 5 3 6 4 8 1 2 9
1
12.398573
3 29 0
1
61.357223
5 31 0
11
44.479282
6 74 0
3 29 0
3 16 2 2 1
3 52 3 3 1 2
2 94 0
4 25 4 4 5 3 1
2 21 5 1 6 3 4 2
3 38 7 5 7 6 4 1 2 3
3 30 6 6 4 1 2 3 7
8 41 9 4 8 5 3 2 6 1 7 9
3 61 9 9 7 8 4 2 10 3 5 6
5
8.072506
7 80 0
8 27 0
1 18 0
2 66 0
3 38 1 1
10
5.053844
4 14 0
4 88 0
3 72 2 2 1
2 19 0
8 67 4 3 1 2 4
8 47 2 3 1
5 85 4 5 2 3 6
3 85 0
6 28 0
6 54 9 5 4 9 8 1 7 3 6 2
8
0.057546
4 66 0
3 81 0
7 69 2 2 1
1 89 3 3 1 2
8 73 2 2 4
8 4 2 3 1
3 50 5 1 6 2 5 4
8 63 7 5 1 2 3 4 6 7
1
17.670416
3 95 0
1
32.601296
3 18 0
1
14.617692
8 25 0
1
32.840189
6 21 0
5
37.613620
5 28 0
6 69 0
1 80 1 1
8 91 3 1 2 3
4 88 3 1 4 3
11
7.292098
4 4 0
8 59 0
8 9 2 2 1
5 63 2 3 2
7 3 4 2 4 3 1
6 17 4 2 3 5 4
7 42 5 1 6 5 2 3
5 9 7 1 6 3 7 2 5 4
1 6 5 4 2 3 6 5
2 1 0
4 95 8 5 9 4 2 10 7 6 1
1
41.048757
4 63 0
8
37.932644
2 94 0
2 67 0
5 75 0
2 48 2 3 1
7 59 2 1 3
6 51 5 4 3 1 2 5
4 32 3 6 3 5
6 36 6 5 2 6 7 3 1
1
41.299558
8 83 0
