4
3
49
33.486357
4 79 0
4 69 0
3 76 0
2 50 2 2 1
3 69 3 1 2 3
2 31 3 1 4 2
1 75 3 5 4 2
3 57 0
1 93 0
3 56 4 5 1 6 2
4 30 4 6 8 9 1
3 60 7 7 3 4 9 8 5 1
3 51 2 10 4
2 10 6 10 12 6 9 11 2
2 28 11 5 11 8 7 1 13 6 4 2 9 10
4 66 9 6 14 7 3 8 13 2 9 4
3 65 1 7
2 52 1 3
3 82 14 3 13 15 14 10 6 12 4 7 5 1 2 11 16
1 61 18 1 14 17 16 9 3 7 10 8 4 2 12 11 15 13 5 6 18
2 84 6 7 2 9 18 16 10
4 27 7 5 8 18 16 15 17 4
2 79 4 20 1 7 6
1 90 3 16 22 19
2 31 2 5 21
2 55 11 10 11 6 16 5 1 14 8 22 17 13
2 15 1 16
2 82 20 3 8 1 5 20 14 12 4 24 10 11 2 18 6 25 19 7 23 15 13
3 80 12 20 14 3 18 11 4 21 23 9 26 8 6
2 52 5 27 25 24 2 22
2 72 16 13 25 3 17 24 9 12 16 28 10 15 22 26 8 7 1
4 92 5 29 22 19 27 6
4 37 14 18 1 20 6 13 29 4 9 21 22 27 15 11 25
4 74 7 12 21 15 19 31 10 23
1 31 21 18 25 17 8 9 3 5 23 30 20 15 1 31 21 26 12 13 27 10 33 24
2 29 9 7 16 10 15 11 5 21 3 19
1 24 8 19 16 1 3 5 27 29 30
3 3 15 30 7 24 34 6 14 27 9 36 13 3 20 22 19 29
1 24 31 16 10 36 31 27 19 21 3 34 25 1 11 29 28 2 6 35 18 33 22 20 12 15 4 23 7 5 14 17 13 30
3 42 2 19 1
3 63 9 24 25 2 15 21 9 17 6 37
4 4 28 6 32 1 28 14 8 29 22 19 33 2 9 24 38 16 34 39 36 3 13 26 5 30 21 17 37 18 23
3 59 22 41 19 6 24 10 11 22 15 34 9 30 14 25 5 21 36 29 28 27 40 17 32
4 39 25 32 21 28 2 1 27 29 40 24 15 18 5 19 42 8 23 12 33 3 9 20 26 17 10 13
3 6 34 30 39 16 27 37 18 32 6 23 24 19 15 22 36 9 3 1 31 13 21 40 25 2 34 43 12 42 35 5 7 20 33 26 10
3 10 23 8 35 29 4 44 7 30 33 27 5 16 19 13 18 11 1 15 24 41 25 26 10 21
4 18 22 28 9 41 3 13 29 25 8 42 22 18 15 36 16 10 7 1 37 12 4 45 14
3 93 36 29 16 46 37 25 3 5 18 15 41 22 2 28 20 21 35 8 32 40 26 33 27 45 43 19 34 12 10 14 23 39 17 42 30 6 44
4 1 28 24 7 34 14 39 27 47 21 5 11 45 9 23 1 12 16 38 33 2 10 25 40 13 17 41 43 35 46
8
63.538899
4 31 0
4 7 0
3 96 1 1
1 25 1 1
2 46 1 2
2 5 1 1
1 34 2 4 2
3 54 4 6 4 1 5
20
55.865321
2 31 0
4 4 0
4 2 1 1
3 36 2 2 1
2 77 1 2
2 21 4 4 1 3 2
2 61 1 5
4 67 5 3 4 2 5 1
1 45 7 6 1 3 4 2 5 7
3 92 2 3 4
4 13 7 2 5 4 9 8 6 7
4 8 4 8 10 4 7
1 11 11 10 4 11 3 6 9 1 2 5 8 7
2 69 5 2 10 11 3 7
3 74 11 9 6 4 2 13 11 8 10 12 1 3
2 87 13 11 8 12 4 10 1 9 13 14 2 6 7 5
1 61 9 11 10 7 15 12 14 5 8 2
4 42 13 8 6 9 1 5 4 10 14 13 3 11 15 12
4 30 17 12 7 2 15 1 17 14 10 9 4 5 6 11 16 3 8 13
1 34 12 1 2 15 9 10 17 3 7 16 13 18 12
