8
30
4
26.357184
4 66 0
7 69 0
7 62 2 1 2
3 35 1 3
4
21.395023
1 18 0
4 26 1 1
3 11 1 1
4 4 0
4
21.558232
6 56 0
1 11 1 1
4 9 1 1
1 64 1 3
4
0.64772
7 86 0
1 85 1 1
8 25 1 1
8 1 2 2 3
4
31.593538
4 74 0
4 81 1 1
5 58 0
3 41 2 1 2
4
40.065685
7 87 0
1 44 0
7 65 1 2
5 78 2 2 3
4
50.612316
7 59 0
5 47 0
7 21 2 1 2
3 16 2 2 3
4
55.300596
3 64 0
7 44 1 1
5 16 2 1 2
1 1 0
4
58.384104
8 7 0
1 15 1 1
2 81 2 1 2
4 24 0
4
2.561092
5 27 0
4 89 1 1
4 35 2 1 2
7 44 2 1 2
3
26.634392
7 68 0
4 30 0
5 76 1 2
3
38.37792
3 9 0
7 1 0
4 62 2 1 2
3
52.771581
8 6 0
1 79 1 1
5 93 2 1 2
3
37.876849
8 5 0
8 1 1 1
3 8 1 2
3
3.997606
1 51 0
1 91 0
6 52 2 1 2
3
12.216199
1 65 0
4 26 0
3 84 1 2
3
10.299258
5 56 0
1 57 1 1
2 71 2 1 2
3
33.128009
5 45 0
1 75 1 1
7 54 1 1
3
60.236057
4 15 0
1 82 0
6 22 0
3
4.043443
2 71 0
2 60 1 1
8 49 2 1 2
3
4.410909
3 39 0
4 84 1 1
1 57 1 1
3
0.780994
2 80 0
1 91 0
5 36 0
3
18.506607
7 91 0
3 67 0
2 26 1 1
3
24.501582
7 40 0
1 5 1 1
5 64 1 2
3
9.844537
3 43 0
3 41 1 1
7 17 2 1 2
3
34.053455
3 63 0
3 96 0
3 26 2 1 2
3
17.351045
5 40 0
8 9 0
5 10 1 2
3
1.529838
2 85 0
8 35 0
6 4 1 1
3
38.924332
1 93 0
7 11 1 1
3 60 2 1 2
3
46.396456
1 1 0
6 84 0
6 14 0
