8
30
2
23.438554
4 13 0
3 35 0
5
6.699678
6 23 0
7 38 0
2 89 1 1
7 57 2 1 2
1 73 2 2 3
3
56.845339
1 90 0
8 29 0
2 33 1 1
4
29.920984
6 35 0
5 87 0
5 69 1 2
7 23 2 2 3
3
29.012059
6 23 0
4 66 0
5 73 0
2
49.705751
2 25 0
2 11 0
2
35.999319
5 95 0
3 9 1 1
5
46.453527
7 55 0
6 21 0
8 74 1 2
3 17 3 1 2 3
7 36 1 4
3
41.738662
5 72 0
6 91 0
6 27 1 1
5
16.878602
1 38 0
2 41 1 1
3 67 0
2 12 0
7 47 2 1 3
1
3.747208
1 62 0
5
49.387492
1 18 0
2 41 0
2 46 1 1
5 35 1 1
6 1 2 1 2
4
10.200860
3 35 0
6 86 1 1
7 51 0
3 5 1 1
3
38.803384
4 24 0
5 62 0
2 4 2 1 2
4
31.689303
2 75 0
8 92 1 1
2 10 0
8 69 3 1 2 3
5
58.485735
2 38 0
6 3 1 1
5 95 2 1 2
1 34 3 1 2 3
6 4 1 2
4
45.340749
2 82 0
8 62 0
2 12 2 1 2
6 72 1 3
5
34.409186
7 67 0
6 8 1 1
8 8 0
3 52 2 1 2
3 52 2 1 3
3
2.083733
4 84 0
1 36 1 1
8 44 1 1
1
49.649830
3 89 0
1
31.207982
8 7 0
1
37.586663
3 8 0
3
12.672649
2 64 0
6 27 0
7 61 2 1 2
1
15.842961
6 81 0
4
42.116603
3 16 0
2 88 1 1
2 23 2 1 2
5 58 3 1 2 3
4
54.469413
2 86 0
7 12 1 1
6 40 0
8 35 2 1 3
3
28.197823
5 62 0
1 15 1 1
7 3 1 1
1
59.109421
2 28 0
1
15.036250
5 6 0
1
41.413109
2 47 0
