8
25
4
21.154888
3 41 1 4
8 1 1 4
2 7 1 4
2 72 0
4
48.367402
8 11 1 3
2 8 1 3
3 24 1 4
2 68 0
6
29.989244
1 20 1 4
5 80 1 6
1 87 1 4
7 83 1 6
7 66 1 4
4 10 0
5
59.176679
7 52 1 3
1 26 1 3
7 95 1 4
7 65 0
3 88 1 4
3
15.313319
5 46 1 3
2 63 0
5 3 1 2
5
22.499956
2 14 0
2 45 1 4
4 49 1 4
2 32 1 1
2 8 1 4
8
61.633035
3 90 1 5
4 59 1 4
5 73 1 6
5 75 1 5
7 59 0
5 84 1 7
7 92 1 5
8 9 1 7
4
17.884683
8 89 1 3
7 35 1 3
6 75 0
3 80 1 3
2
59.605904
3 75 1 2
7 31 0
5
25.809441
4 63 1 5
5 90 1 1
2 1 1 5
2 15 0
4 85 1 4
1
9.481795
3 80 0
5
16.33462
3 48 1 2
6 83 0
4 14 1 2
8 1 1 2
5 37 1 3
2
23.220596
2 33 1 2
8 7 0
1
50.757746
1 16 0
6
18.455175
4 51 0
8 86 1 1
7 5 1 2
3 6 1 1
8 30 1 2
7 40 1 2
2
44.480681
7 68 1 2
1 9 0
4
46.074643
1 53 1 2
1 61 0
1 81 1 2
3 20 1 3
2
31.892267
8 86 1 2
3 92 0
4
5.037387
1 52 1 3
8 95 1 3
6 71 1 4
7 73 0
4
56.971613
3 4 1 4
5 69 1 3
5 26 1 4
2 58 0
8
29.278048
3 40 1 6
2 12 1 4
2 17 1 6
3 89 0
1 6 1 6
1 64 1 4
1 43 1 5
1 75 1 2
5
16.275756
2 48 1 5
1 51 0
6 26 1 5
3 96 1 3
5 60 1 2
2
36.536973
7 85 0
3 87 1 1
7
61.198587
8 4 0
5 78 1 6
3 55 1 4
5 75 1 1
3 72 1 1
2 1 1 1
3 88 1 4
1
58.784077
1 43 0
