1
17
11
9.852477
1 9 0
1 58 1 1
1 38 2 1 2
1 45 2 1 3
1 33 2 1 3
1 60 3 2 4 5
1 33 3 1 4 6
1 32 3 3 4 6
1 78 1 2
1 17 5 2 5 6 7 9
1 32 4 2 3 5 6
4
4.620205
1 73 0
1 56 0
1 35 0
1 52 2 1 2
9
56.337101
1 85 0
1 49 1 1
1 41 1 1
1 51 1 3
1 13 3 2 3 4
1 2 3 1 2 3
1 86 2 2 6
1 60 5 1 2 3 5 7
1 80 4 1 2 4 5
5
32.318909
1 91 0
1 34 1 1
1 39 0
1 32 2 2 3
1 59 1 3
4
56.540665
1 15 0
1 50 1 1
1 89 1 1
1 38 2 1 2
3
9.668083
1 78 0
1 53 1 1
1 80 1 1
3
41.495670
1 15 0
1 67 0
1 33 0
9
60.645061
1 59 0
1 1 0
1 38 0
1 62 0
1 32 2 1 2
1 79 3 2 3 4
1 89 3 3 5 6
1 16 3 2 3 4
1 50 5 2 4 6 7 8
9
7.662129
1 96 0
1 24 0
1 26 0
1 32 3 1 2 3
1 21 3 1 3 4
1 86 3 2 3 5
1 61 4 1 2 5 6
1 3 3 3 5 6
1 73 3 1 4 8
2
61.171677
1 51 0
1 7 1 1
4
5.272769
1 18 0
1 3 0
1 6 1 2
1 87 1 1
6
23.456553
1 62 0
1 55 0
1 17 1 1
1 5 2 2 3
1 21 3 1 2 3
1 10 3 1 2 5
6
1.281871
1 35 0
1 22 0
1 44 1 2
1 22 0
1 94 2 3 4
1 1 0
5
62.665585
1 65 0
1 81 1 1
1 70 0
1 1 2 2 3
1 70 0
7
12.381339
1 44 0
1 86 1 1
1 64 0
1 80 0
1 27 3 1 2 4
1 62 4 1 3 4 5
1 74 3 2 3 4
5
44.366158
1 83 0
1 14 1 1
1 79 0
1 53 1 2
1 60 4 1 2 3 4
8
27.657043
1 65 0
1 95 1 1
1 7 0
1 13 1 2
1 72 2 1 3
1 87 3 2 3 4
1 1 1 5
1 33 2 4 6
