5
5
26
7.462094
2 95 0
5 35 0
3 56 1 1
5 86 0
5 95 2 1 3
1 55 2 1 5
5 73 3 2 4 6
5 73 2 4 6
4 36 1 3
5 16 2 3 8
5 56 3 3 6 8
3 76 1 10
5 76 2 8 10
2 54 3 6 7 13
3 5 4 2 3 8 11
3 23 9 1 3 4 5 7 9 11 12 15
4 38 8 1 2 5 6 10 12 13 14
4 71 5 4 6 8 16 17
2 24 1 12
4 8 7 3 6 7 10 17 18 19
5 5 3 1 2 14
5 7 5 1 9 15 18 19
1 84 12 1 3 4 7 9 10 11 15 16 17 19 20
2 16 7 1 2 10 12 13 20 23
3 59 4 3 7 14 22
2 82 8 2 3 4 12 13 15 21 22
5
44.788015
3 14 0
4 5 0
2 87 0
4 27 2 1 3
3 34 0
11
58.019328
3 40 0
1 25 0
3 85 2 1 2
4 36 1 3
3 12 1 4
1 28 1 1
2 76 2 2 6
4 84 1 1
2 17 3 2 6 8
2 76 1 6
3 25 2 1 10
53
25.157608
4 56 0
4 24 0
4 70 0
2 27 1 1
1 77 1 2
2 9 2 1 5
4 35 2 5 6
3 29 1 3
4 16 0
4 40 3 2 7 9
5 34 3 1 6 9
1 68 3 8 9 10
3 84 0
5 61 6 5 6 7 10 12 13
1 68 5 1 5 6 11 12
3 28 1 11
5 55 4 2 9 14 15
2 57 1 6
4 6 1 16
2 68 4 1 2 8 16
5 13 6 2 5 10 13 14 17
4 86 5 4 8 16 20 21
4 4 2 14 17
4 28 2 5 19
4 53 9 1 2 14 16 18 20 22 23 24
1 91 9 6 9 10 11 17 18 19 21 24
3 18 3 1 3 9
5 45 5 7 13 22 25 27
4 40 8 6 7 8 12 15 20 25 28
1 19 5 7 16 17 20 23
5 91 9 1 2 16 17 20 22 26 28 30
2 86 8 5 9 15 19 20 21 30 31
2 41 7 2 5 24 25 26 27 30
5 76 11 1 11 15 16 17 23 24 26 28 29 31
4 13 9 2 3 5 11 12 14 15 31 33
1 8 6 9 13 14 17 30 35
1 65 5 10 11 13 15 16
5 19 7 3 15 21 22 30 34 36
3 24 11 3 6 9 10 11 12 13 14 16 22 32
1 78 10 2 5 9 12 17 18 19 25 35 37
5 43 10 5 7 16 19 20 25 28 32 33 36
3 6 7 5 7 18 20 27 29 38
1 55 10 4 5 7 17 18 31 32 37 40 41
3 32 11 2 5 10 11 13 21 25 27 34 38 39
2 6 5 8 19 24 28 43
4 9 15 1 3 4 7 12 14 17 19 21 25 31 33 36 37 42
5 35 12 7 8 12 15 25 28 29 35 37 39 44 45
4 32 9 6 17 25 29 35 36 39 42 47
4 95 19 13 14 15 17 18 19 21 22 23 24 27 29 31 33 36 38 40 41 44
2 18 13 4 5 6 8 10 13 17 28 32 34 37 43 46
1 28 11 4 10 13 16 25 28 29 34 35 48 50
3 94 13 2 4 6 7 10 18 20 31 32 35 40 46 49
4 93 17 3 8 9 10 11 14 15 21 24 27 28 35 38 39 43 48 50
5
53.354431
5 1 0
3 70 0
2 16 0
5 74 0
4 15 2 1 4
