7
19
2
2.28571
2 63 0
3 77 0
3
1.42568
2 63 0
2 64 0
4 27 1 2
5
1.72414
4 83 0
2 57 0
2 77 0
1 45 1 3
1 77 0
4
1.40909
2 15 0
2 77 0
2 43 2 1 2
1 5 2 2 3
6
1.61165
1 86 0
1 4 0
1 63 1 1
3 20 0
2 16 2 1 2
1 81 4 2 3 4 5
2
5.84615
2 58 0
4 90 1 1
4
1.67021
2 78 0
2 67 1 1
4 11 0
4 5 2 1 2
3
2.53659
2 26 0
1 76 1 1
1 84 2 1 2
4
4.31579
1 38 0
4 67 1 1
3 24 1 1
1 56 1 1
5
1.37059
1 7 0
3 15 0
3 25 1 1
4 20 3 1 2 3
4 38 0
4
1.55752
2 4 0
3 26 1 1
3 16 1 2
4 11 3 1 2 3
3
1.7875
3 56 0
3 58 0
3 64 0
3
1.44681
3 56 0
3 75 0
1 88 2 1 2
2
2.34043
2 63 0
1 56 1 1
5
7.3
4 40 0
1 68 1 1
2 45 1 2
4 80 0
4 58 1 1
4
1.95455
2 42 0
2 29 1 1
3 71 0
1 75 1 1
2
1.92647
4 5 0
4 37 0
4
3.03226
2 80 0
1 51 0
4 91 1 2
2 15 0
2
3.1
3 31 0
3 52 0
