7
27
2
11.5
3 26 0
1 37 0
3
1.43448
2 28 0
3 9 1 1
3 29 1 1
3
1.82895
3 26 0
4 30 1 1
3 7 0
3
1.42857
1 36 0
3 23 1 1
2 3 0
4
1.95455
2 40 0
4 40 0
3 46 2 1 2
1 10 1 2
3
1.50806
4 20 0
4 9 0
3 30 2 1 2
3
1.7875
2 17 0
2 23 0
1 35 2 1 2
3
1.37278
4 13 0
3 37 1 1
4 28 0
2
1.73256
2 46 0
2 2 1 1
4
1.61165
1 45 0
2 9 1 1
2 38 2 1 2
3 46 2 1 2
4
2.125
2 7 0
3 46 0
1 37 2 1 2
4 21 3 1 2 3
2
1.70787
1 46 0
1 30 1 1
4
1.76829
3 35 0
3 29 0
3 9 2 1 2
4 17 0
2
2.34043
4 37 0
1 22 1 1
2
1.5339
3 29 0
2 28 0
1
1.60577
4 25 0
3
1.88732
2 32 0
3 39 0
4 38 2 1 2
3
6.25
3 29 0
4 14 0
3 44 1 1
4
32.5
2 2 0
2 7 0
4 22 2 1 2
2 46 1 2
1
1.59434
1 44 0
3
3.03226
1 32 0
3 21 1 1
1 8 1 2
1
1.75
4 35 0
3
64
4 43 0
1 20 0
2 27 1 1
4
7.3
4 38 0
3 15 0
1 13 0
3 23 3 1 2 3
4
1.48462
2 19 0
3 32 1 1
2 9 2 1 2
3 13 3 1 2 3
2
1.95455
2 39 0
2 8 0
3
1.92647
1 44 0
4 32 1 1
3 12 1 2
