8
30
4
63.14737
4 85 1 4
1 33 1 4
4 70 1 1
3 69 0
4
37.24258
8 85 3 2 3 4
8 44 2 3 4
5 63 0
6 12 1 3
4
33.74147
4 8 0
8 3 1 4
8 44 1 1
7 61 1 1
4
27.14737
4 45 0
4 13 1 1
1 42 1 2
1 41 3 3 2 1
4
9.14737
8 23 0
1 45 2 1 3
1 17 1 1
7 52 1 3
4
16.71825
1 24 1 2
2 45 1 3
3 69 0
4 35 1 1
4
53.18182
5 18 0
3 73 0
1 61 1 1
8 82 1 2
4
47.96789
8 14 1 4
8 13 0
8 12 1 2
7 84 1 3
4
1.11111
7 7 1 4
4 4 1 4
1 14 1 1
4 74 0
4
33.14747
1 66 1 2
1 66 1 4
1 74 0
1 14 1 3
3
42.01387
2 82 2 3 2
3 61 1 3
1 28 0
3
31.03186
4 20 1 2
4 15 1 3
5 22 0
3
64.00000
8 11 1 3
8 22 0
7 33 1 2
3
63.99999
2 12 1 2
4 61 1 3
4 88 0
3
11.11111
7 13 2 3 2
8 31 1 3
7 44 0
3
56.67891
4 62 2 3 2
5 35 0
2 13 1 2
3
13.13131
1 96 1 2
1 76 0
8 86 2 1 2
3
15.67812
8 1 1 3
8 1 2 1 3
8 14 0
3
29.99872
4 95 0
5 59 1 1
8 48 0
3
41.17498
1 44 0
2 24 0
7 14 0
3
19.91918
8 19 0
7 38 1 1
6 57 1 2
3
2.11112
3 3 0
3 1 1 1
3 96 1 2
3
63.95987
6 66 1 2
6 74 1 3
6 96 0
3
54.54545
8 82 2 3 2
1 28 1 3
7 96 0
3
39.99993
3 36 2 3 2
6 39 0
8 42 0
3
9.99999
7 77 1 2
7 77 1 3
7 77 0
3
33.33333
8 44 0
8 53 1 1
1 27 1 2
3
27.27987
4 38 2 2 3
3 95 0
8 94 1 2
3
13.32490
4 1 0
5 91 1 3
5 96 1 1
3
47.91387
1 92 2 3 2
7 64 1 3
1 28 0
