3
20
3
0.69600
3 60 0
2 52 2 1 3
3 91 0
5
0.33120
2 50 0
1 72 0
3 16 2 5 1
2 51 3 5 2 3
2 3 0
5
0.31970
3 26 2 3 2
2 48 3 4 5 3
3 58 1 5
2 3 0
2 73 1 4
5
0.88720
1 25 2 2 4
1 80 0
2 19 1 2
1 42 2 2 3
3 67 1 4
2
0.21210
1 24 0
3 34 1 1
4
0.87630
2 79 0
1 73 1 4
2 4 1 2
2 19 0
1
0.75060
3 83 0
4
0.35930
2 19 0
2 34 1 1
1 78 0
1 93 1 2
2
0.39940
3 72 1 2
3 27 0
3
0.85470
3 11 0
3 71 0
2 42 0
5
0.85490
3 47 0
2 3 1 3
1 31 0
3 41 3 3 2 1
2 18 1 1
2
0.91790
2 47 0
2 37 0
2
0.69910
3 12 0
2 60 1 1
3
0.85390
3 18 1 3
1 87 0
3 80 0
5
0.54560
3 49 0
1 70 2 1 5
3 86 2 1 5
3 37 2 1 5
1 71 0
4
0.42170
2 7 1 2
2 24 0
3 92 1 4
1 68 0
1
0.36430
3 38 0
3
0.73990
2 92 0
3 52 1 1
1 96 2 1 2
1
0.44910
2 91 0
5
0.51410
2 55 0
2 51 2 1 4
3 70 0
2 31 0
1 22 2 3 2
