8
12
1
4.745528
8 78 0
12
1.823933
1 12 0
1 8 1 1
1 4 1 1
1 15 1 1
1 11 1 1
1 7 1 1
1 3 1 1
1 14 1 1
1 10 1 1
1 6 1 1
1 2 1 1
1 4 1 1
12
0.975038
1 4 0
1 15 1 1
1 11 1 1
1 7 1 1
1 3 1 1
1 14 1 1
1 10 1 1
1 6 1 1
1 2 1 1
1 13 1 1
1 9 1 1
1 2 1 1
1
5.606867
8 94 0
12
1.059073
1 11 0
1 7 1 1
1 3 1 1
1 14 1 1
1 10 1 1
1 6 1 1
1 2 1 1
1 13 1 1
1 9 1 1
1 5 1 1
1 1 1 1
1 15 1 1
12
1.227143
1 10 0
1 6 1 1
1 2 1 1
1 13 1 1
1 9 1 1
1 5 1 1
1 1 1 1
1 12 1 1
1 8 1 1
1 4 1 1
1 15 1 1
1 11 1 1
12
1.311178
1 2 0
1 13 1 1
1 9 1 1
1 5 1 1
1 1 1 1
1 12 1 1
1 8 1 1
1 4 1 1
1 15 1 1
1 11 1 1
1 7 1 1
1 9 1 1
12
1.395213
1 9 0
1 5 1 1
1 1 1 1
1 12 1 1
1 8 1 1
1 4 1 1
1 15 1 1
1 11 1 1
1 7 1 1
1 3 1 1
1 14 1 1
1 7 1 1
1
5.20696
8 86 0
12
1.479248
1 1 0
1 12 1 1
1 8 1 1
1 4 1 1
1 15 1 1
1 11 1 1
1 7 1 1
1 3 1 1
1 14 1 1
1 10 1 1
1 6 1 1
1 5 1 1
1
5.260101
8 86 0
12
1.143108
1 3 0
1 14 1 1
1 10 1 1
1 6 1 1
1 2 1 1
1 13 1 1
1 9 1 1
1 5 1 1
1 1 1 1
1 12 1 1
1 8 1 1
1 13 1 1
