2
23
27
41.626246
1 28 0
1 10 0
1 85 0
1 74 0
1 24 3 1 2 3
2 85 1 2
2 39 2 5 4
2 58 4 3 2 1 4
2 40 1 4
1 1 2 1 6
2 6 2 6 5
2 81 2 9 8
2 18 7 2 3 11 8 4 9 1
2 46 11 6 1 12 5 9 2 8 11 4 3 7
1 28 11 10 7 12 8 1 3 9 5 2 11 6
1 16 11 6 11 7 4 10 5 9 14 2 13 3
2 67 14 7 2 4 6 14 5 9 3 8 10 13 12 11 15
1 46 14 5 10 3 6 13 9 14 2 11 4 7 15 1 12
1 8 9 17 4 6 12 5 10 3 11 7
1 96 2 2 15
1 69 14 6 12 11 15 18 4 10 8 2 16 5 1 17 7
2 2 19 15 5 20 9 10 8 2 18 3 7 17 19 14 16 6 1 13 4 11
2 14 11 6 12 17 15 18 1 21 14 2 16 20
2 44 0
2 13 8 4 6 23 14 16 11 17 13
1 48 11 17 15 24 23 14 21 16 22 6 5 11
1 13 9 21 17 16 9 1 6 11 4 7
46
51.775174
2 81 0
1 74 0
2 57 1 1
2 87 1 1
2 28 2 2 3
2 5 2 2 1
2 22 1 3
2 86 1 5
2 55 1 2
1 75 5 3 1 2 5 7
1 62 1 5
1 70 6 8 7 5 2 6 1
1 7 1 6
2 68 3 3 2 1
2 19 9 9 7 11 12 10 4 5 8 13
1 94 11 7 9 2 13 10 12 8 14 3 11 5
1 86 11 4 3 7 2 10 15 1 6 8 14 5
1 63 9 6 11 10 3 2 1 15 4 9
1 26 6 11 13 2 1 9 10
2 44 0
1 67 7 12 18 6 1 15 3 16
1 60 12 6 10 18 5 15 14 2 12 3 20 9 17
2 89 13 18 7 10 6 19 1 17 11 12 8 9 4 15
2 47 22 19 22 21 12 5 1 4 10 14 16 18 9 3 17 13 6 20 2 11 7 8 15
2 64 11 16 1 10 2 23 14 21 11 12 6 4
2 2 24 13 12 10 16 6 3 20 18 19 2 22 4 17 11 14 9 5 23 1 8 21 24 7 15
2 17 24 9 1 18 15 19 10 8 22 17 11 24 3 6 2 4 7 21 23 5 20 12 13 14 25
2 39 7 5 2 6 13 18 16 10
1 93 24 22 10 15 20 18 16 23 2 3 4 27 25 12 5 6 8 26 24 11 21 7 9 1 17
2 8 2 12 15
2 78 14 1 25 15 10 4 11 6 29 26 24 12 19 7 5
2 4 29 5 23 16 25 27 20 30 4 15 8 21 6 1 29 17 3 9 11 2 19 24 26 12 18 28 22 13 14 10
1 8 4 14 23 13 20
1 17 4 23 16 6 7
2 92 14 7 28 23 32 19 20 3 14 8 13 24 21 26 2
1 2 21 19 31 23 34 17 10 21 12 24 14 11 27 29 26 15 32 22 1 13 30 7
2 12 19 3 17 1 11 34 16 9 15 14 19 22 35 13 6 29 25 2 24 8
1 74 5 4 14 33 26 24
2 70 24 8 25 31 23 29 20 13 32 9 27 17 19 6 7 18 3 24 5 34 36 33 15 14 35
2 17 20 26 5 11 27 29 25 7 24 4 16 30 22 6 18 13 10 35 14 2 23
1 89 36 1 8 19 5 18 36 33 9 39 30 24 15 21 37 16 29 2 6 35 4 25 13 28 23 22 31 38 3 11 17 20 14 27 32 34 7
2 46 6 4 40 30 10 5 7
2 16 2 26 23
1 27 36 25 37 7 4 42 15 5 36 34 2 35 3 32 28 24 6 31 26 22 30 23 38 33 16 19 9 18 14 21 39 1 29 11 27 12 13
2 94 19 5 40 19 22 36 41 25 37 35 34 14 30 31 17 16 2 33 10 26
1 49 15 6 30 31 37 41 39 43 19 13 20 24 5 11 27 9
2
23.488949
1 21 0
2 70 0
2
8.213371
2 82 0
1 54 0
4
3.339977
1 83 0
1 43 0
2 65 1 1
2 85 1 1
1
31.922747
1 70 0
2
46.542511
1 80 0
1 46 0
1
62.218458
2 68 0
1
58.491749
1 46 0
1
30.351924
1 44 0
1
61.52209
2 95 0
1
60.991142
2 39 0
1
19.785318
1 22 0
1
25.857159
2 86 0
1
46.50326
2 9 0
1
21.685952
2 79 0
1
41.343171
1 18 0
1
0.053637
1 30 0
1
4.046593
1 78 0
1
53.800191
2 37 0
1
30.02102
2 5 0
1
30.829002
2 18 0
1
2.457392
2 88 0
