8
30
4
44.254450
1 25 0
1 36 2 1 4
1 42 2 4 1
1 43 0
1
24.254228
1 63 0
6
46.308326
1 83 1 5
1 75 0
1 6 1 5
1 75 2 6 5
1 58 0
1 21 0
1
25.266030
1 10 0
3
34.762660
1 6 0
1 84 0
1 11 2 1 2
1
60.218794
1 40 0
2
31.286858
1 28 0
1 14 0
1
34.380982
1 73 0
1
37.114900
1 88 0
8
53.793716
1 70 0
1 83 0
1 37 0
1 72 0
1 27 0
1 28 2 4 5
1 23 0
1 60 0
3
38.896218
1 60 1 3
1 65 1 3
1 32 0
4
37.392408
1 19 0
1 34 2 1 4
1 80 0
1 12 0
3
62.400754
1 63 2 3 2
1 8 1 3
1 31 0
6
42.547426
1 76 0
1 57 0
1 50 1 6
1 59 0
1 53 2 6 1
1 32 0
2
62.675798
1 80 0
1 37 1 1
1
35.789752
1 81 0
2
20.352682
1 57 1 2
1 39 0
1
62.608588
1 58 0
4
40.843658
1 81 1 4
1 53 1 4
1 95 2 2 1
1 26 0
3
49.417366
1 48 2 2 3
1 54 1 3
1 22 0
3
36.777816
1 43 0
1 76 1 1
1 39 1 1
6
27.739270
1 82 0
1 70 1 4
1 15 1 5
1 10 1 5
1 70 0
1 57 1 5
2
57.342756
1 70 1 2
1 13 0
4
63.237744
1 52 0
1 17 1 3
1 24 1 1
1 24 1 1
5
43.140656
1 10 2 4 2
1 29 0
1 67 1 2
1 68 0
1 60 4 2 3 1 4
5
53.902682
1 8 0
1 44 1 4
1 75 2 4 5
1 9 0
1 84 0
1
63.261042
1 5 0
3
53.840488
1 57 1 2
1 7 1 3
1 25 0
1
34.447818
1 7 0
2
53.278454
1 28 0
1 12 1 1
