7
6
21
26.146451
7 45 3 4 6 12
3 95 7 4 6 11 13 14 18 20
3 35 5 7 11 13 15 21
7 9 8 5 6 10 12 13 14 16 17
3 39 6 9 11 14 16 17 20
3 12 5 9 11 14 18 21
3 23 6 9 10 16 17 19 21
3 54 1 16
6 28 1 12
5 56 3 13 19 20
7 78 6 13 15 16 17 19 20
1 8 5 13 14 17 19 21
4 9 1 21
2 63 2 15 21
1 37 4 16 18 19 20
7 30 1 19
5 16 1 18
7 48 1 21
7 92 1 21
5 29 0
4 66 0
5
15.617826
4 16 2 2 5
3 36 0
7 17 0
5 65 1 5
7 15 0
3
25.347770
2 64 0
2 63 1 3
4 31 0
11
13.747033
2 9 3 4 8 10
4 34 4 5 7 9 10
1 33 3 4 6 7
1 91 1 7
5 26 3 6 7 11
6 66 2 7 9
4 32 1 10
5 89 1 11
2 22 1 10
2 63 1 11
6 50 0
1
2.135703
3 71 0
1
8.281151
2 40 0
