8
30
3
0.052
1 3 0
2 4 0
3 3 0
3
0.004
3 1 0
2 3 0
2 2 1 1
3
0.038
3 1 0
1 3 1 1
2 6 1 1
3
0.03
2 1 0
1 5 1 1
1 2 1 1
3
0.012
1 2 0
3 2 1 1
2 2 1 2
3
0.028
3 3 0
3 1 0
7 1 2 1 2
3
0.026
1 3 0
4 2 0
3 1 2 1 2
5
2
7 1 0
7 1 1 1
1 7 0
1 7 0
6 6 1 1
3
0.008
1 2 0
1 4 0
4 1 2 1 2
3
0.042
1 2 0
2 3 1 1
3 2 1 1
4
0.054
1 3 0
3 2 0
2 1 0
1 2 0
3
0.016
1 3 0
2 2 0
2 2 0
4
0.022
1 3 0
2 2 0
1 3 0
4 1 3 1 2 3
3
0.056
3 1 0
2 3 1 1
1 2 0
4
0.06
1 3 0
1 4 1 1
1 6 0
2 1 2 1 3
3
0.014
1 1 0
2 2 0
4 1 1 1
3
0.01
4 1 0
2 3 1 1
1 4 1 1
4
0.024
3 3 0
2 1 0
3 2 1 1
4 4 1 2
3
0.034
2 3 0
4 1 0
2 1 1 2
4
0.044
1 2 0
1 4 1 1
1 2 2 1 2
2 8 3 1 2 3
3
0.05
2 1 0
1 6 1 1
2 2 1 1
3
0.018
3 1 0
1 2 0
2 2 1 1
3
0.046
3 5 0
1 3 0
1 2 1 2
4
0.036
2 1 0
1 2 1 1
1 1 1 1
4 2 2 2 3
3
0.032
2 3 0
1 5 0
3 3 0
3
0.02
1 2 0
2 1 0
1 1 2 1 2
4
0.006
1 4 0
2 2 0
1 3 1 1
3 2 2 1 2
4
0.048
2 1 0
2 1 1 1
1 3 2 1 2
1 1 2 1 2
3
0.04
2 3 0
1 2 0
2 2 2 1 2
3
0.058
3 1 0
2 5 1 1
1 3 1 1
