8
20
7
0
1 76 0
5 90 0
5 72 0
2 66 0
1 79 0
1 84 0
3 65 0
7
0
7 69 0
1 5 0
1 22 0
3 62 0
1 81 0
1 69 0
4 80 0
8
0
3 15 0
1 63 0
1 95 0
1 92 0
6 66 0
1 47 0
2 3 0
1 15 0
4
0
4 66 0
1 77 0
1 60 0
4 85 0
4
0
1 88 0
1 56 0
1 84 0
1 26 0
6
0
1 63 0
1 92 0
4 86 0
1 85 0
1 67 0
1 95 0
2
0
1 71 0
1 15 0
6
0
1 65 0
1 83 0
2 68 0
2 23 0
1 66 0
2 17 0
3
0
6 82 0
2 76 0
1 75 0
6
0
2 49 0
5 90 0
1 81 0
7 73 0
1 54 0
5 74 0
6
0
7 74 0
1 12 0
1 12 0
1 75 0
2 77 0
1 67 0
2
0
3 15 0
6 67 0
6
0
7 93 0
1 31 0
2 14 0
2 2 0
1 19 0
5 76 0
5
0
2 68 0
1 55 0
1 93 0
6 71 0
1 76 0
6
0
7 92 0
1 27 0
7 84 0
1 84 0
1 2 0
1 22 0
3
0
1 48 0
5 73 0
5 71 0
1
0
3 9 0
3
0
6 70 0
6 62 0
7 86 0
6
0
1 72 0
1 75 0
1 83 0
1 28 0
7 37 0
1 61 0
5
0
4 62 0
7 68 0
1 57 0
1 88 0
2 62 0
