8
19
1
0.000016
1 28 0
5
0.000022
1 24 0
3 9 0
3 5 0
4 36 0
1 14 0
4
0.000014
1 16 0
1 14 0
1 15 0
3 25 0
2
0.000024
2 27 0
1 14 0
1
0.000026
5 45 0
7
0.000019
1 11 0
3 42 0
2 5 0
2 27 0
1 34 0
2 51 0
1 31 0
5
0.000024
3 25 0
3 1 0
4 71 0
1 43 0
2 8 0
1
0.000022
1 39 0
8
0.000015
3 56 0
1 14 0
1 36 0
2 39 0
1 8 0
3 2 0
1 25 0
3 12 0
6
0.000023
2 24 0
1 67 0
1 8 0
2 8 0
1 3 0
1 35 0
2
0.000017
1 40 0
1 5 0
8
0.000021
1 28 0
1 69 0
1 25 0
7 57 0
1 67 0
1 42 0
5 62 0
1 16 0
5
0.000012
3 28 0
1 63 0
1 20 0
1 22 0
3 21 0
3
0.000016
1 25 0
1 32 0
3 11 0
2
0.000024
2 73 0
2 35 0
3
0.000014
2 11 0
1 19 0
1 5 0
6
0.000012
1 38 0
2 20 0
1 11 0
1 5 0
1 58 0
6 25 0
2
0.000011
2 11 0
3 2 0
4
0.000023
6 11 0
1 37 0
1 11 0
2 39 0
