8
30
4
26.068621
6 21 0
3 19 0
4 11 0
6 36 3 1 2 3
3
24.530829
3 24 0
5 30 1 1
7 2 2 1 2
4
20.278031
6 44 1 2
2 49 0
4 59 0
3 28 3 1 2 3
4
2.011624
7 51 0
5 55 0
5 57 1 2
4 37 3 1 2 3
3
6.748289
2 39 1 2
3 4 0
2 14 2 1 2
2
17.447854
3 9 0
3 53 1 1
2
24.608974
5 28 0
5 7 1 1
4
15.803633
4 14 0
2 36 0
3 40 0
5 2 3 1 2 3
6
3.885995
7 23 0
5 57 2 5 3
7 40 0
6 16 2 3 5
6 18 1 3
6 24 5 1 2 3 4 5
2
27.558065
2 45 0
2 29 1 1
5
3.722635
4 17 1 3
4 35 0
2 59 1 2
6 42 1 2
3 41 4 1 2 3 4
4
20.802293
7 24 0
6 35 0
5 40 1 1
7 27 3 1 2 3
3
31.849884
6 47 1 2
7 3 0
2 5 2 1 2
2
11.781886
7 39 0
4 9 1 1
2
13.807690
3 13 0
4 32 1 1
1
3.761250
5 32 0
4
5.981739
6 15 0
4 29 0
5 13 0
4 51 3 1 2 3
6
23.199926
5 25 1 3
7 33 2 3 5
2 57 0
4 57 3 5 3 1
5 13 1 1
2 3 5 1 2 3 4 5
6
18.477877
2 49 2 4 5
3 52 1 4
5 39 2 2 4
3 3 1 5
2 37 0
2 56 5 1 2 3 4 5
1
22.568359
4 49 0
2
26.062765
3 28 0
7 23 1 1
5
31.003844
5 26 0
7 32 0
5 55 0
4 56 2 1 2
4 17 4 1 2 3 4
6
19.754113
5 59 0
5 19 0
3 3 0
4 20 1 3
5 41 3 4 2 1
2 40 5 1 2 3 4 5
2
26.984227
2 11 0
5 57 1 1
1
29.769934
3 23 0
6
23.099336
6 37 0
4 55 1 1
2 41 1 4
4 19 1 1
4 20 0
7 56 5 1 2 3 4 5
1
6.408824
5 11 0
1
6.780462
5 38 0
4
7.227580
4 25 0
6 18 1 1
7 18 0
3 54 3 1 2 3
1
45.000000
8 95 0
