6
2
35
57.416793
4 94 12 7 8 10 12 17 19 20 21 23 26 28 34
5 80 10 3 7 12 14 16 18 21 29 30 33
6 8 13 8 9 10 15 17 23 24 25 26 29 31 34 35
1 45 11 8 9 10 11 17 20 25 26 27 29 32
2 55 8 9 12 19 25 27 30 33 34
5 86 9 7 8 11 14 17 18 23 29 33
2 91 9 10 13 15 16 19 22 24 32 35
6 39 6 16 17 23 27 30 32
3 23 5 15 18 20 22 35
5 58 6 14 16 21 30 33 34
4 3 3 12 14 34
1 54 4 17 19 25 35
1 85 8 17 18 19 21 24 27 31 34
3 33 10 18 19 21 22 23 28 29 30 34 35
4 82 9 19 20 25 26 27 31 33 34 35
3 19 10 17 18 19 20 22 24 28 32 33 35
2 64 4 22 31 33 34
2 50 6 19 24 25 28 32 35
4 3 5 20 23 27 31 33
6 26 6 21 23 25 29 34 35
2 13 4 27 30 32 33
4 91 5 23 24 26 27 33
4 92 4 24 25 27 30
6 49 3 28 29 31
3 82 6 26 27 28 29 31 35
6 52 2 32 34
6 66 2 28 35
3 41 1 32
4 96 1 31
5 53 0
3 5 2 34 35
3 2 1 33
6 55 2 34 35
6 79 1 35
6 68 0
12
25.055820
3 95 5 2 4 6 8 12
6 15 4 5 6 8 12
2 82 3 5 11 12
1 34 2 5 8
6 33 3 8 9 10
6 35 3 7 11 12
6 87 2 9 12
2 90 2 11 12
4 80 2 10 11
5 69 1 12
3 59 1 12
3 16 0
