6
10
10
61.458742
3 91 0
5 89 3 10 9 7
2 79 3 9 8 7
3 72 3 10 3 8
5 91 3 1 8 7
5 96 3 5 1 10
3 73 0
5 76 0
5 77 3 7 10 1
3 89 3 7 1 8
10
59.376229
3 78 0
3 80 0
3 79 3 8 2 1
4 77 3 2 8 3
5 81 3 3 2 4
4 88 3 5 10 9
2 93 3 9 5 2
5 76 0
4 71 3 4 3 8
2 75 3 2 1 3
10
63.175428
4 94 3 3 5 8
4 96 3 9 1 3
4 90 0
5 73 3 3 5 8
2 73 0
3 92 3 10 5 9
4 81 3 3 9 10
4 78 0
2 87 3 10 4 5
3 89 3 1 4 5
10
62.429234
3 71 3 6 10 7
4 78 3 7 9 6
5 86 3 6 5 9
3 75 3 9 6 1
5 92 0
2 81 3 5 7 9
5 82 0
3 87 3 10 7 6
2 87 0
3 94 3 2 6 7
10
59.249115
2 93 3 4 10 2
3 95 0
5 79 3 10 7 2
5 82 3 7 2 5
4 80 0
2 78 3 1 5 9
2 88 0
5 77 3 3 4 7
3 93 3 3 10 1
2 95 3 4 7 2
10
59.163269
5 86 3 2 5 8
5 84 0
4 81 3 9 10 1
4 77 3 6 9 7
2 71 0
5 82 3 5 8 1
4 93 3 8 5 1
4 70 0
2 92 3 2 10 6
3 93 3 8 1 6
10
63.062586
4 77 3 7 6 2
2 87 0
2 90 3 7 5 1
4 87 3 2 1 7
4 71 3 7 2 1
2 79 0
4 80 0
4 71 3 3 7 2
2 78 3 3 2 1
4 78 3 6 3 5
10
59.064565
2 85 0
4 86 0
5 93 3 1 10 9
5 94 3 10 6 3
2 72 3 10 4 3
4 91 3 9 1 2
2 90 3 9 1 6
3 81 3 10 4 5
3 90 0
4 91 3 2 9 1
10
63.663907
4 86 3 10 6 8
4 87 3 8 6 5
4 71 3 5 6 9
4 74 3 10 2 5
3 83 0
2 91 0
2 89 3 9 6 5
3 92 3 3 5 6
4 91 0
2 75 3 6 5 9
10
62.753279
4 91 3 7 6 3
3 83 3 10 9 5
5 83 0
3 85 3 9 1 7
2 95 3 7 10 3
4 94 0
2 94 3 3 10 6
5 71 3 3 1 7
3 70 3 6 3 7
4 85 0
