8
10
9
0.000013
2 2 0
1 7 0
2 4 0
1 28 0
1 50 0
3 15 0
5 4 0
2 27 0
1 27 0
6
0.000023
1 71 0
5 4 0
3 1 0
1 11 0
1 47 0
5 70 0
8
0.000029
7 45 0
1 9 0
1 28 0
1 57 0
3 36 0
1 20 0
2 7 0
1 17 0
9
0.000025
1 13 0
1 8 0
2 9 0
1 73 0
6 74 0
1 42 0
1 21 0
1 51 0
1 7 0
9
0.000010
1 21 0
1 49 0
1 38 0
2 29 0
2 1 0
1 25 0
7 40 0
1 35 0
3 43 0
7
0.000019
1 24 0
2 14 0
1 43 0
6 21 0
1 40 0
2 28 0
2 33 0
6
0.000028
5 9 0
1 19 0
5 26 0
3 43 0
2 40 0
6 63 0
5
0.000011
1 70 0
1 42 0
1 14 0
6 13 0
6 56 0
9
0.000020
1 22 0
1 36 0
1 60 0
1 33 0
1 21 0
3 50 0
1 17 0
7 57 0
6 74 0
5
0.000025
5 31 0
1 41 0
2 2 0
1 9 0
2 31 0
