8
3
93
29
1 59 8 54 45 87 31 47 56 67 80
1 57 6 78 10 81 42 13 60
7 42 23 78 29 75 63 38 36 27 4 12 66 54 11 17 80 13 22 14 18 64 1 33 89 91
7 86 52 54 73 45 26 5 66 24 75 56 44 19 42 38 31 72 82 12 1 35 78 71 87 83 65 64 61 92 81 49 52 89 14 6 67 27 25 10 46 86 36 13 50 93 18 22 63 33 85 55 58 48 59
8 80 8 71 83 16 24 33 52 86 85
2 15 36 54 81 26 16 56 22 82 25 19 44 31 50 78 75 85 65 27 45 47 48 38 63 93 12 10 73 52 83 5 20 86 59 14 1 71 46
8 75 23 38 17 46 54 29 57 43 31 73 44 2 58 75 90 4 91 62 82 92 6 80 3 81
3 10 70 65 69 13 18 25 14 5 24 61 4 17 85 33 47 87 43 83 78 66 75 19 48 81 60 52 34 59 26 72 22 6 92 30 31 44 21 36 55 10 29 93 71 56 89 64 58 20 27 11 91 46 80 12 84 90 38 37 49 39 42 67 2 68 82 86 45 1 41 50 35
2 52 48 81 25 74 27 13 58 36 52 56 66 92 61 71 2 45 86 40 57 80 4 42 22 69 24 48 63 90 32 12 65 33 78 38 93 79 31 59 19 73 75 11 67 72 17 34 89 47 5
5 12 25 78 45 16 27 73 44 24 80 14 54 65 82 89 71 60 46 12 67 52 5 55 56 26 38 31
2 78 14 86 71 80 78 66 24 73 49 81 22 19 42 40 87
1 74 2 31 80
6 80 26 81 59 11 38 71 19 24 83 67 10 26 48 87 45 54 42 14 12 86 27 55 56 89 65 60 40
7 64 14 31 33 85 44 65 83 16 24 45 93 71 89 52 25
5 81 70 3 84 50 29 58 35 61 77 34 75 17 33 81 27 6 40 41 47 37 86 91 49 60 83 48 32 59 92 26 2 24 85 93 90 87 13 72 8 11 20 65 9 21 54 82 69 66 25 55 43 67 16 76 45 10 39 88 46 78 4 44 74 18 64 22 89 71 1 36 30
3 45 0
7 34 61 10 88 33 22 20 42 52 35 73 5 19 65 32 49 67 87 43 50 46 56 29 48 26 36 47 1 71 31 61 82 75 68 58 84 30 2 34 24 37 39 60 72 44 63 38 13 93 54 59 69 45 85 27 18 25 83 21 90 78 14 64
1 93 29 59 82 31 46 38 81 64 10 47 83 66 80 22 33 89 35 42 58 49 19 48 45 71 12 24 6 67 14 1
3 82 12 86 81 71 65 80 93 60 83 24 56 85 33
1 15 15 14 89 44 12 47 25 5 56 40 24 81 93 31 71 45
5 81 49 1 78 69 65 71 47 46 42 11 26 35 40 60 84 64 16 19 91 89 48 29 87 24 38 58 41 56 36 61 80 10 86 73 6 75 72 14 59 5 52 83 30 88 25 44 82 13 50 18
5 72 0
4 3 81 1 60 20 12 63 59 51 83 65 93 75 35 57 82 21 8 25 85 80 87 22 69 67 92 56 66 41 74 45 55 9 50 24 5 44 6 40 77 76 7 37 88 54 84 15 58 90 71 61 17 32 72 86 33 64 46 13 79 4 18 19 2 43 62 52 81 91 26 31 89 42 16 29 14 3 73 10 36 78 30 49
4 57 15 71 86 56 85 60 52 80 31 81 83 49 65 45 93 33
7 54 4 31 93 19 89
2 19 34 87 33 1 80 44 78 56 12 20 66 73 45 48 25 67 93 24 40 71 75 83 60 50 81 82 27 49 63 38 65 47 5 85 31
3 43 35 5 63 19 47 83 85 48 45 33 60 25 93 59 24 78 49 54 81 12 56 71 14 73 20 52 38 65 44 40 46 16 31 67 87 89
1 18 12 81 30 85 65 26 75 69 58 52 8 91 49
5 50 41 22 89 54 46 56 5 36 78 86 61 81 12 31 75 65 60 45 42 52 13 93 33 64 14 48 27 11 59 50 63 6 55 40 44 66 80 69 83 35 49 38
6 56 27 65 1 13 19 83 41 11 5 71 80 4 89 50 44 24 47 40 81 27 86 72 67 52 63 87 92 14
2 72 3 85 86 81
8 56 53 31 26 56 29 86 35 93 80 83 5 46 71 33 24 44 78 52 1 61 12 65 73 87 85 14 67 16 64 49 58 25 22 47 60 40 20 75 63 92 2 82 36 11 45 55 48 69 89 59 66 19 4 6
8 81 10 83 86 31 52 85 49 81 60 45 65
3 54 47 50 25 56 71 72 35 75 14 52 13 48 24 60 67 30 29 81 5 86 10 42 26 55 31 73 78 47 40 89 19 85 4 46 84 43 36 20 66 18 92 64 82 44 58 38 83 27
7 92 27 85 83 20 38 71 52 31 50 67 66 19 64 44 27 63 49 60 87 45 1 73 6 89 46 86 16 55
4 78 13 10 89 64 66 81 42 63 93 92 65 58 46 55
3 47 60 11 59 39 2 65 14 68 27 30 81 38 32 88 82 1 90 56 60 24 12 73 71 43 46 50 80 78 83 34 91 93 44 26 47 67 31 19 92 54 58 10 33 13 6 36 63 40 75 86 48 16 87 72 35 41 5 52 66 64 69
2 9 27 46 5 44 40 12 45 54 16 52 71 20 81 80 49 25 60 24 85 73 59 14 19 83 47 56 65 93
3 76 25 66 12 50 11 80 86 29 1 27 84 59 75 22 65 55 41 38 10 35 81 25 46 78 58 63
3 4 16 83 86 73 93 16 5 47 14 49 60 85 44 65 71 56 31
1 55 64 35 66 82 42 61 19 58 26 11 55 20 16 13 54 81 72 85 36 29 24 50 60 40 12 25 84 86 69 52 31 14 83 32 6 75 49 63 59 22 80 2 47 4 65 5 89 71 10 44 92 45 64 33 38 1 87 67 78 27 18 56 73 46 93
1 71 34 81 63 25 67 65 60 49 47 93 59 86 1 89 75 27 12 45 44 33 10 54 31 22 82 5 83 6 20 38 16 71 87 48 56
4 91 55 54 61 16 32 82 84 81 67 1 92 69 24 2 86 49 14 12 10 64 40 65 75 5 50 46 63 29 26 6 27 41 4 31 42 19 60 35 66 48 89 72 78 20 52 85 13 22 87 83 33 59 93 80 56 44
7 37 16 16 45 33 71 93 83 19 85 89 31 65 49 24 86 80 60
8 62 2 86 85
5 31 14 56 31 47 12 52 81 93 20 73 16 83 60 45 14
6 68 15 93 60 86 83 80 25 31 16 65 89 71 44 85 19 81
5 31 1 19
7 55 0
5 8 14 82 63 55 46 75 86 47 60 56 45 87 33 85 25
7 30 68 39 92 72 18 74 14 35 5 69 16 91 2 45 6 9 64 44 76 3 87 56 33 80 60 86 34 32 63 89 54 46 17 83 29 38 25 59 52 49 57 30 42 58 13 75 50 90 71 79 81 61 41 4 37 24 1 20 47 77 82 21 43 68 19 8 27 31 73
8 50 0
5 71 45 55 20 27 69 41 38 16 45 29 3 62 1 86 17 90 24 73 61 42 46 10 60 32 44 93 36 14 39 33 35 92 52 50 2 7 9 30 56 84 5 25 67 68 91 59
5 57 27 47 16 33 45 60 46 19 56 89 71 20 86 83 49 40 93 14 12 25 81 65 85 52 44 31 80 73
4 63 16 89 47 14 73 38 81 44 93 52 71 86 80 16 85 83 49
8 6 9 60 81 86 65 93 33 49 31 80
5 62 57 89 59 29 22 30 21 64 93 61 78 87 26 41 81 68 1 13 36 50 46 88 48 8 55 80 47 54 74 52 58 82 45 5 17 76 40 56 60 27 75 2 49 72 6 11 65 73 14 83 39 25 4 18 37 71 84 43
6 35 18 55 45 19 6 86 65 85 81 89 22 50 56 25 27 47 60 44 75
6 52 13 44 25 5 56 31 93 47 20 73 81 89 19 65
1 48 9 81 65 31 52 45 83 86 49 85
5 24 8 72 87 26 36 6 46 12 65
4 52 38 33 67 48 43 90 58 39 74 63 78 79 86 9 1 15 12 18 11 73 13 38 84 17 44 8 85 77 6 65 52 32 10 14 66 93 76 36 55
1 84 18 60 31 81 49 55 83 85 71 86 54 93 73 47 80 12 40 25 20
4 77 45 16 54 56 66 5 80 55 38 26 22 6 85 81 47 78 19 75 52 44 46 86 89 50 42 83 33 12 25 27 59 49 40 45 73 87 63 1 60 24 14 48 65 20 82 71
8 52 3 85 52 81
4 41 7 48 73 52 80 47 89 83
8 76 16 89 59 54 44 25 5 80 46 55 40 85 49 52 63 65 16
2 26 2 93 16
6 29 38 5 48 75 55 78 45 71 38 25 83 82 16 66 65 22 73 24 81 60 50 89 1 13 47 36 72 19 6 64 54 52 58 14 46 93 85 11 80
2 62 17 36 71 43 1 24 77 68 78 17 72 73 50 34 65 12 60 92
4 63 2 65 45
1 72 17 25 71 20 75 64 86 54 80 55 46 52 60 18 33 89 48 19
4 54 15 65 44 52 60 31 19 33 85 45 71 81 5 24 16 86
2 59 55 11 85 33 17 35 24 61 41 68 46 16 55 42 5 56 38 12 75 22 34 47 10 63 69 66 82 52 73 90 36 54 18 81 80 4 8 92 44 32 89 3 48 58 60 59 91 64 40 30 72 25 71 93 76 37
4 7 16 45 33 40 66 16 55 80 25 31 89 60 56 5 93 87 48
8 9 38 13 19 87 3 84 21 16 91 42 46 82 36 14 20 45 18 92 89 39 85 12 34 56 31 43 80 40 38 1 63 2 32 10 35 78 93 86 55
3 75 8 66 68 29 37 55 44 69 80
8 35 17 14 60 65 33 25 20 45 83 38 49 16 44 54 86 56 93 19
2 82 36 55 6 83 14 1 27 16 10 4 82 46 80 68 91 45 48 65 71 22 72 18 24 81 52 11 67 5 85 60 49 90 8 38 87 13 54
5 94 0
3 81 3 52 45 85
7 90 29 14 24 47 85 27 63 80 40 55 81 16 33 65 87 19 89 73 56 93 59 78 48 46 12 38 44 45 31 49
7 67 0
4 12 16 82 50 73 49 54 59 47 83 27 35 66 36 1 4 11 80
4 64 2 86 52
8 46 0
8 38 8 83 86 14 31 38 40 25 73
7 7 18 81 35 54 89 22 4 40 50 68 47 44 67 61 86 45 10 63 60
8 43 7 60 16 80 56 31 93 65
4 47 69 91 55 39 58 29 52 5 82 11 84 26 32 66 38 46 50 40 60 56 13 87 36 43 63 1 41 2 44 35 42 24 10 67 54 85 93 12 30 6 61 64 34 20 78 49 86 65 83 71 75 69 25 27 72 18 48 47 14 4 59 89 73 19 81 68 45 80 16 33
2 89 19 49 93 10 81 50 14 65 78 13 84 89 80 86 30 71 45 2 24 92
3 23 52 78 25 75 5 55 46 64 24 13 1 48 49 67 35 85 27 10 59 26 47 73 33 14 89 20 93 40 42 65 72 54 71 44 38 31 6 56 86 18 12 60 50 63 81 58 80 66 83 11 19 16 22
8 91 2 85 83
6
5
1 17 1 3
5 3 2 4 6
8 51 0
7 22 0
7 93 5 3 6 4 2 1
2 34 0
1
52
1 10 0
