8
1
100
8.240126
3 5 0
4 4 1 1
5 24 1 1
6 28 1 1
7 47 1 1
2 52 1 1
2 8 1 1
3 28 1 1
5 32 1 1
6 52 1 1
1 56 1 1
1 13 1 1
2 33 1 1
4 37 1 1
4 57 1 1
7 61 1 1
7 18 1 1
2 22 1 1
3 42 1 1
3 62 1 1
5 3 1 1
6 23 1 1
8 27 1 1
1 47 1 1
1 3 1 1
4 8 1 1
5 28 1 1
7 32 1 1
8 51 1 1
1 8 1 1
2 12 1 1
3 32 1 1
5 36 1 1
6 56 1 1
1 60 1 1
1 17 1 1
2 37 1 1
4 41 1 1
5 61 1 1
7 2 1 1
7 22 1 1
8 42 1 1
3 46 1 1
3 3 1 1
6 7 1 1
7 27 1 1
7 47 1 1
1 51 1 1
2 7 1 1
4 12 1 1
5 32 1 1
7 36 1 1
8 55 1 1
1 12 1 1
3 16 1 1
4 36 1 1
5 40 1 1
6 60 1 1
7 17 1 1
1 21 1 1
2 41 1 1
5 45 1 1
5 2 1 1
7 6 1 1
8 26 1 1
1 46 1 1
3 50 1 1
3 7 1 1
6 11 1 1
7 31 1 1
7 51 1 1
2 55 1 1
2 11 1 1
4 16 1 1
5 36 1 1
6 55 1 1
8 59 1 1
1 16 1 1
3 20 1 1
4 40 1 1
6 44 1 1
7 1 1 1
8 21 1 1
1 25 1 1
2 45 1 1
5 49 1 1
5 6 1 1
6 26 1 1
8 30 1 1
1 50 1 1
3 54 1 1
4 11 1 1
5 31 1 1
7 35 1 1
7 55 1 1
2 59 1 1
2 15 1 1
5 20 1 1
6 40 1 1
6 59 1 1
