7
22
5
18.50388
3 61 0
1 55 0
2 16 0
1 55 0
4 21 0
2
7.908255
5 61 0
5 91 0
1
44.482531
1 86 0
7
44.725489
5 18 1 4
5 35 2 1 6
4 59 3 4 5 6
3 37 0
3 17 0
3 58 2 4 5
3 69 0
12
33.188448
1 39 0
4 65 0
3 3 0
4 41 0
2 4 0
3 64 0
7 95 0
4 86 0
6 88 0
3 7 0
1 81 0
3 7 0
1
18.643943
7 11 0
17
30.443999
1 30 0
3 81 1 15
2 32 0
7 75 0
3 58 0
3 53 1 4
7 76 0
6 87 0
7 86 0
2 87 0
7 93 0
5 76 0
7 58 0
7 10 0
1 92 0
6 35 1 1
6 19 0
9
31.675547
3 59 3 3 7 8
6 93 1 8
1 91 1 8
3 47 2 2 8
1 95 1 3
3 53 1 8
6 13 4 2 4 5 6
3 4 0
4 28 0
1
42.666075
6 95 0
1
54.685013
1 71 0
3
17.272855
2 93 1 2
2 88 0
2 67 0
4
13.594408
1 19 1 2
6 85 0
6 56 1 2
3 12 0
8
21.655418
3 14 0
3 15 1 5
7 72 1 2
7 65 1 7
4 93 0
6 79 0
7 86 0
3 80 0
4
33.764227
5 71 0
6 36 1 1
3 93 0
3 46 0
1
46.524781
2 91 0
2
7.568993
4 88 0
6 69 0
1
44.962322
7 91 0
1
6.903636
4 46 0
1
38.420147
4 54 0
1
58.896197
7 5 0
2
35.605501
6 88 0
2 76 0
1
31.827873
3 9 0
