8
30
3
61.222587
1 3 0
5 3 1 1
3 1 2 1 2
3
58.091734
8 2 0
1 2 1 1
2 3 2 1 2
3
2.97814
4 3 0
5 2 1 1
2 2 2 1 2
3
32.461286
1 2 0
4 2 1 1
8 1 2 1 2
3
48.384092
1 3 0
5 3 1 1
4 1 2 1 2
3
6.291318
4 1 0
4 1 1 1
1 3 2 1 2
3
18.492814
7 2 0
2 3 1 1
8 1 2 1 2
3
14.822334
1 2 0
5 3 1 1
5 3 2 1 2
3
55.860936
4 1 0
7 1 1 1
4 2 2 1 2
3
18.432205
6 2 0
8 3 1 1
4 1 2 1 2
3
54.178461
2 1 0
4 3 1 1
7 2 2 1 2
3
30.224731
4 3 0
4 2 1 1
8 1 2 1 2
3
62.661975
7 3 0
2 1 1 1
7 1 2 1 2
3
18.889006
1 3 0
1 2 1 1
5 1 2 1 2
3
5.638321
2 1 0
4 3 1 1
3 2 2 1 2
3
54.050275
1 1 0
8 3 1 1
8 2 2 1 2
3
11.698048
1 2 0
6 3 1 1
1 3 2 1 2
3
58.201513
6 1 0
1 2 1 1
8 2 2 1 2
3
35.231649
1 2 0
4 2 1 1
8 2 2 1 2
3
55.097413
5 3 0
5 3 1 1
5 2 2 1 2
3
11.144656
8 2 0
5 2 1 1
8 2 2 1 2
3
2.364571
3 3 0
6 3 1 1
6 1 2 1 2
3
8.333097
1 3 0
3 1 1 1
7 3 2 1 2
3
53.964622
3 3 0
6 1 1 1
7 2 2 1 2
3
25.627305
7 1 0
1 2 1 1
1 1 2 1 2
3
18.152505
5 3 0
7 1 1 1
5 3 2 1 2
3
10.288794
8 2 0
5 1 1 1
8 2 2 1 2
3
5.863131
3 2 0
5 3 1 1
8 2 2 1 2
3
21.429351
1 1 0
2 3 1 1
7 1 2 1 2
3
25.138056
6 3 0
5 3 1 1
3 1 2 1 2
