8
10
9
47.547376
8 21 1 9
6 26 2 6 9
2 2 2 2 5
3 14 0
3 72 3 1 2 4
4 57 3 1 4 9
8 42 1 6
4 16 5 1 2 3 4 5
1 38 0
9
36.194032
8 56 3 3 4 5
2 3 2 4 5
4 43 2 2 7
4 96 0
7 47 2 4 9
6 2 1 2
7 84 1 4
1 35 3 1 3 4
5 94 1 4
4
37.96687
3 26 1 4
3 31 2 1 3
7 3 2 1 4
6 84 0
4
30.469026
1 78 2 2 3
1 17 1 3
8 12 0
2 43 2 1 3
7
37.863407
2 72 3 3 4 5
2 18 1 3
8 61 0
8 55 1 6
7 31 1 2
1 17 1 5
8 19 4 3 4 5 6
6
44.743808
8 71 0
5 72 3 1 3 6
2 25 0
7 37 3 1 3 6
8 50 3 2 4 6
1 28 1 3
12
14.115481
2 85 2 4 8
5 26 5 1 3 7 10 11
3 84 3 4 7 10
1 66 1 10
8 71 1 9
4 46 2 1 7
8 84 3 5 11 12
8 67 2 4 12
3 60 1 10
8 35 0
3 47 0
5 37 1 4
9
29.914335
8 43 1 2
8 40 0
8 76 1 2
7 67 3 6 8 9
4 62 1 7
7 3 3 7 8 9
6 56 1 3
3 38 0
4 68 5 1 3 5 7 8
6
35.793884
7 60 3 3 4 5
6 38 0
1 58 3 2 4 5
3 7 1 6
7 23 2 2 4
3 13 0
18
8.986934
1 2 4 4 13 15 16
4 67 0
2 57 2 5 10
7 58 2 2 16
2 59 1 2
8 60 2 4 16
3 32 2 2 11
2 71 1 13
8 30 2 4 5
2 28 1 13
6 58 3 2 16 18
7 39 4 1 11 13 16
1 60 1 5
6 8 3 3 5 9
4 9 3 6 13 16
7 12 0
6 72 4 2 7 13 15
2 20 0
