8
30
1
47.51520
2 88 0
3
23.67514
4 84 0
1 16 1 1
1 76 1 2
2
28.15841
1 47 1 2
3 76 0
4
63.14737
4 85 1 4
1 33 1 4
4 70 1 1
3 69 0
1
35.19750
4 57 0
2
37.19921
4 64 1 2
4 90 0
2
43.13070
3 25 0
3 50 1 1
1
33.12397
1 77 0
3
42.01387
2 82 2 3 2
3 61 1 3
1 28 0
1
54.46598
1 57 0
1
27.72529
1 48 0
1
61.26846
1 86 0
3
46.42652
2 84 2 3 2
3 78 1 3
1 47 0
1
39.39811
8 72 0
3
10.59204
8 81 1 2
8 17 0
8 24 1 2
2
27.97571
6 74 0
8 62 1 1
1
50.91623
7 52 0
2
2.97571
6 24 0
3 62 1 1
1
20.47079
1 89 0
2
60.59386
8 20 1 2
6 67 0
1
17.91866
5 62 0
1
40.54322
7 17 0
3
34.31069
8 68 1 2
1 37 0
5 3 1 2
2
39.64146
3 4 0
6 42 1 1
2
57.49372
7 55 0
7 43 1 1
1
2.31251
8 15 0
3
40.30412
6 47 1 3
8 10 1 3
2 92 0
3
63.99999
8 47 1 2
1 47 0
8 65 1 2
2
1.71341
3 17 0
3 77 1 1
1
60.14116
8 66 0
