8
18
2
0
5 45 0
1 51 0
3
15
5 94 0
2 33 0
3 79 0
6
22
6 79 0
1 5 0
4 86 1 2
4 18 3 1 2 5
7 55 0
8 14 3 5 1 2
2
30
1 84 0
8 56 0
7
57
5 13 0
6 65 0
8 5 0
3 19 3 7 1 3
3 48 3 7 3 1
8 44 0
1 87 2 3 1
4
50
4 35 1 2
3 89 0
6 45 1 2
1 13 2 2 1
4
5
3 49 1 4
2 36 3 4 3 1
3 33 1 1
7 21 0
6
14
7 52 0
2 33 0
1 44 1 1
5 32 2 1 6
5 51 3 6 1 2
7 22 2 3 1
3
5
7 43 0
6 19 0
4 73 0
7
8
4 19 0
5 49 4 7 5 4 3
7 64 0
5 64 2 1 3
5 76 0
2 37 1 5
7 10 1 5
8
31
4 31 2 8 4
5 78 3 4 5 7
2 84 3 5 7 2
7 32 2 5 7
5 76 0
5 16 5 7 2 5 3 4
1 78 0
7 63 4 4 5 3 2
9
14
3 21 4 6 3 9 5
3 9 2 7 6
3 84 3 8 2 6
2 67 4 7 8 5 2
5 26 0
7 12 0
3 13 0
4 25 2 7 6
4 75 3 6 3 4
9
63
7 1 6 6 2 3 9 7 5
7 56 6 6 9 8 7 3 5
7 44 0
3 31 2 6 3
6 96 0
2 30 0
7 26 4 8 4 9 3
1 66 3 9 4 6
5 53 0
9
58
3 68 1 7
2 32 6 3 5 6 8 1 7
3 32 2 5 8
2 54 0
7 33 1 4
3 94 2 7 4
1 62 0
4 78 4 6 1 5 7
4 13 8 6 8 7 1 3 4 5 2
5
1
2 76 1 2
5 42 0
1 76 0
6 8 1 2
6 3 0
6
32
2 88 0
2 50 0
3 86 2 2 5
4 57 0
8 75 0
1 72 3 3 5 1
9
17
1 36 0
8 12 5 4 7 5 6 1
8 82 0
1 16 1 1
5 30 3 4 6 1
1 95 1 4
4 22 4 4 6 1 5
8 72 6 5 1 2 4 6 7
2 32 4 2 6 7 8
1
60
5 4 0
