8
10
6
23.75014
2 39 2 5 6
8 33 2 4 6
2 22 0
8 79 2 3 6
5 56 2 2 6
8 38 1 3
4
60.558187
8 52 2 2 3
1 9 1 3
4 19 0
1 78 3 1 2 3
6
50.612658
3 88 2 3 4
3 96 3 1 4 6
8 17 2 4 6
2 74 1 6
2 6 1 1
1 46 0
4
58.657629
5 89 2 3 4
1 49 2 1 4
6 42 1 4
4 13 0
11
9.836321
7 16 3 2 6 11
2 10 1 11
1 80 1 7
7 93 1 5
5 83 0
5 25 1 8
7 52 1 10
1 50 3 5 10 11
7 86 4 3 4 10 11
4 8 1 4
4 50 2 3 10
6
60.72866
5 48 3 2 3 5
6 53 2 4 5
2 91 1 4
1 33 0
6 46 2 3 4
5 26 2 1 2
8
34.101115
4 86 1 6
4 60 1 4
4 18 2 6 7
7 70 1 7
1 31 1 3
4 96 2 4 7
7 31 0
3 88 4 2 4 5 6
15
9.595054
6 65 1 12
1 58 2 5 12
5 72 1 7
5 59 3 7 11 13
7 47 3 3 7 15
6 45 4 3 4 10 14
6 29 3 13 14 15
7 22 0
1 66 4 3 5 7 13
8 34 3 8 9 11
8 17 1 13
3 85 2 11 15
6 25 0
7 40 2 1 12
3 61 1 11
11
18.7819
2 79 5 3 4 5 10 11
5 28 1 6
2 91 2 7 8
5 49 3 7 8 9
2 59 2 2 11
2 68 1 10
6 13 2 2 10
6 35 1 11
8 91 2 6 8
4 76 0
5 94 0
17
4.645765
6 10 0
3 87 5 1 3 6 7 11
8 80 1 8
8 28 1 10
5 68 1 13
7 19 4 4 5 11 15
5 83 2 4 5
3 36 0
3 61 3 4 5 10
1 19 0
7 33 1 13
8 66 2 5 15
7 95 0
3 45 3 6 9 15
3 38 2 10 13
7 11 2 11 12
5 27 1 6
