8
22
8
40.79436
2 35 1 4
5 23 1 6
4 73 1 8
5 16 1 8
3 47 1 4
1 2 1 8
7 45 1 1
8 46 0
5
4.49745
6 95 0
5 92 1 1
4 26 1 1
8 1 1 1
2 58 1 1
6
30.013731
2 61 1 2
5 57 0
5 45 1 6
3 30 1 2
1 6 1 2
2 64 1 1
2
23.603818
5 82 0
6 96 1 1
4
62.207779
5 19 1 4
8 51 0
1 24 1 2
7 35 1 2
2
58.321875
8 50 1 2
3 6 0
1
28.609818
4 52 0
7
36.589123
1 2 1 6
8 63 1 3
3 28 0
1 27 1 2
4 37 1 3
5 82 1 3
7 41 1 4
3
27.173524
7 14 1 3
1 52 0
3 9 1 2
4
30.753701
7 16 1 3
7 40 0
3 41 1 2
6 21 1 2
1
0.796027
4 39 0
6
35.971109
3 81 0
5 36 1 1
3 55 1 1
8 11 1 1
5 67 1 6
7 17 1 1
4
36.216223
8 12 1 3
4 71 1 4
4 67 1 4
3 39 0
8
48.111895
5 22 1 5
7 28 1 5
8 87 0
3 24 1 2
7 6 1 8
6 26 1 7
6 25 1 5
7 15 1 3
3
33.93472
4 52 1 3
6 8 1 3
7 44 0
7
27.084948
1 12 1 3
2 51 1 3
8 36 0
3 71 1 3
6 68 1 4
2 72 1 3
8 46 1 1
4
57.24574
2 23 0
6 52 1 1
6 60 1 2
1 7 1 2
6
43.593905
6 54 1 4
5 42 1 3
4 29 0
3 44 1 5
4 53 1 3
6 90 1 3
8
32.554332
5 83 1 6
3 59 1 5
4 85 1 5
6 5 1 6
4 47 1 6
4 92 0
3 90 1 2
4 15 1 6
5
20.522394
4 3 1 2
5 82 0
6 10 1 5
6 37 1 5
1 46 1 2
1
43.906578
1 11 0
5
41.07671
2 82 1 5
8 16 1 3
6 6 1 5
8 61 1 5
1 53 0
