2
30
6
52.802437
1 17 1 6
1 83 4 3 4 5 6
2 43 2 1 6
1 39 4 1 3 5 6
2 49 3 1 3 6
2 86 0
1
51.890237
1 91 0
3
52.638292
1 11 2 2 3
1 74 0
1 27 1 2
1
53.818750
1 5 0
2
52.673205
2 80 1 2
1 81 0
1
55.426990
1 37 0
2
50.190647
2 8 1 2
1 64 0
1
52.784623
1 77 0
1
53.150989
1 33 0
1
54.923404
2 43 0
3
54.663765
2 44 2 2 3
1 30 1 3
1 63 0
1
54.242272
1 18 0
7
53.767691
1 66 4 2 3 4 5
2 83 1 4
1 28 2 2 4
1 1 0
1 86 3 2 3 4
2 74 3 1 2 4
1 26 5 1 2 3 5 6
2
54.781680
1 65 1 2
2 91 0
1
52.134804
2 42 0
1
52.670864
2 37 0
7
51.852143
1 26 1 6
2 9 1 1
1 72 5 1 2 5 6 7
2 83 5 1 2 5 6 7
1 58 3 1 2 6
2 68 0
2 65 4 1 2 5 6
4
54.184041
2 80 1 4
2 39 3 1 3 4
1 62 2 1 4
1 73 0
2
54.621282
1 89 1 2
2 67 0
6
54.123517
1 40 2 4 6
2 12 4 1 4 5 6
2 3 4 1 2 5 6
1 73 1 6
2 80 2 1 4
2 34 0
3
53.755029
1 74 1 3
2 63 1 1
1 30 0
8
54.700437
1 19 2 5 6
2 90 6 1 3 5 6 7 8
2 17 3 1 5 6
1 15 5 1 2 3 5 6
1 24 1 6
1 9 0
2 45 4 3 5 6 8
1 93 4 1 3 5 6
1
52.732424
2 22 0
5
51.100235
1 25 3 3 4 5
2 77 3 1 3 5
2 11 0
1 63 1 3
2 36 1 4
8
53.164642
1 25 5 2 3 4 5 7
2 33 4 3 5 6 7
2 22 1 5
2 22 5 2 3 5 6 7
1 84 0
2 85 1 3
1 25 3 3 5 6
2 14 6 1 2 3 4 6 7
3
54.971951
2 93 1 3
2 36 2 1 3
2 24 0
3
54.149955
1 70 2 2 3
1 27 1 3
2 42 0
6
52.296843
1 19 3 2 3 5
2 75 1 5
2 73 2 4 6
2 42 3 2 5 6
1 84 0
2 32 2 2 5
4
51.618488
2 45 2 2 3
2 85 1 3
1 34 0
2 6 3 1 2 3
6
53.336881
2 85 0
2 23 2 5 6
2 46 3 1 4 5
2 23 3 2 5 6
2 25 1 1
2 54 2 1 5
