8
29
7
56.595922
1 28 2 2 6
1 29 1 6
1 11 3 2 7 6
1 27 1 6
1 27 1 4
1 24 0
1 45 1 2
4
51.721558
1 21 1 4
1 27 0
1 11 3 1 2 4
1 84 0
4
55.390850
1 19 0
1 24 1 4
1 14 0
1 81 0
2
35.551470
1 43 0
1 4 1 1
5
22.817276
1 19 1 4
1 41 0
1 91 2 2 1
1 29 0
1 13 2 4 2
1
62.358998
1 35 0
4
52.161888
1 77 1 2
1 1 0
1 10 0
1 30 1 3
2
61.590538
1 83 0
1 2 1 1
1
33.333452
1 55 0
2
63.178828
1 84 0
1 11 0
4
56.912150
1 73 0
1 19 0
1 92 0
1 94 2 1 2
2
23.246320
1 60 0
1 71 1 1
2
41.376828
1 41 0
1 59 1 1
1
48.135074
1 45 0
5
39.582310
1 94 0
1 53 0
1 66 1 5
1 81 0
1 21 0
4
60.369076
1 65 0
1 30 2 3 4
1 51 0
1 23 1 3
1
37.594588
1 33 0
3
63.159578
1 78 1 3
1 4 0
1 42 0
1
33.847262
1 58 0
6
31.932404
1 24 0
1 88 2 5 4
1 21 1 6
1 38 1 1
1 47 1 3
1 57 0
3
34.934722
1 35 1 2
1 90 0
1 96 1 2
1
23.781734
1 20 0
2
20.813208
1 37 1 2
1 39 0
8
41.293844
1 25 1 7
1 37 0
1 20 0
1 2 1 5
1 6 0
1 77 1 3
1 40 0
1 27 0
5
54.958198
1 25 1 4
1 22 2 4 1
1 19 0
1 8 0
1 94 1 4
1
62.249306
1 79 0
6
32.007358
1 52 2 6 5
1 74 0
1 81 0
1 16 1 3
1 93 1 6
1 78 0
2
30.272570
1 26 1 2
1 50 0
2
25.381442
1 87 0
1 17 1 1
