8
8
13
20.507299
4 39 8 4 6 7 8 9 10 11 13
7 62 3 5 7 8
3 41 3 6 11 12
4 71 6 5 6 8 10 11 13
3 37 7 6 7 9 10 11 12 13
1 20 3 8 10 13
1 76 2 9 13
3 58 2 11 12
7 82 2 10 12
4 4 0
4 19 1 13
6 46 0
2 41 0
12
5.098142
5 78 8 2 3 4 6 7 8 10 12
3 65 5 4 5 8 10 11
2 62 4 6 8 9 11
5 71 5 5 7 10 11 12
7 65 3 6 8 11
3 49 2 7 11
2 14 1 12
7 73 1 10
2 23 1 12
1 86 1 11
1 82 0
4 47 0
4
22.980801
3 93 1 2
2 55 0
1 82 0
7 61 0
18
39.391769
7 62 8 4 5 8 11 13 14 15 17
2 26 9 4 7 9 10 11 13 16 17 18
4 94 11 4 7 8 9 10 11 13 14 15 16 18
1 41 7 7 11 12 15 16 17 18
4 92 7 7 8 11 14 15 16 18
6 62 7 9 10 11 12 14 17 18
3 42 6 8 9 13 15 17 18
6 70 4 9 10 17 18
7 29 4 11 13 14 16
4 49 4 12 13 15 16
3 85 5 12 13 15 16 17
4 5 5 13 14 16 17 18
6 81 4 14 15 16 18
5 93 4 15 16 17 18
5 55 2 17 18
4 34 2 17 18
5 63 0
1 55 0
10
54.896553
5 34 6 2 3 4 5 9 10
2 84 5 5 7 8 9 10
2 12 3 6 7 8
1 90 4 6 7 8 9
6 85 4 6 7 8 10
4 19 1 9
5 52 2 9 10
5 59 1 10
7 72 1 10
5 20 0
15
13.561679
7 41 6 2 3 4 12 14 15
6 61 7 3 6 7 10 13 14 15
4 21 8 4 6 7 9 10 12 14 15
7 52 7 5 9 10 11 12 13 15
5 92 3 6 7 15
7 42 3 10 14 15
5 59 5 8 10 12 14 15
2 32 4 11 12 14 15
5 67 2 12 15
5 55 3 13 14 15
3 92 2 12 15
4 58 1 15
2 56 1 14
1 3 0
2 5 0
9
34.072945
6 84 4 3 5 6 7
1 72 3 5 7 9
5 38 4 5 6 8 9
5 92 2 5 8
6 87 3 6 8 9
4 59 3 7 8 9
2 52 2 8 9
3 30 0
6 26 0
6
5.116266
2 56 3 2 5 6
6 1 0
4 75 1 6
6 52 2 5 6
7 34 1 6
2 23 0
