8
7
61
11.379664
7 76 0
2 27 1 1
7 51 2 1 2
2 93 1 2
8 54 4 2 3 4 1
4 58 2 4 2
4 53 0
5 47 5 2 4 1 3 7
1 70 2 6 5
6 6 1 4
8 94 4 7 6 10 2
1 61 5 6 4 7 8 10
8 7 5 4 11 12 9 3
3 61 4 9 8 3 6
3 67 1 6
6 84 4 13 11 2 3
1 24 7 6 15 1 13 10 9 2
1 32 8 4 9 17 8 16 13 6 1
3 91 1 2
4 18 9 3 18 4 16 5 10 17 14 13
1 52 11 10 11 20 12 16 9 2 17 1 15 19
6 13 17 19 2 3 7 6 18 13 9 20 8 14 10 15 5 11 17 1
4 48 12 4 20 15 16 17 2 3 6 1 14 12 21
8 32 12 4 2 10 20 5 9 6 17 13 8 1 11
3 95 12 8 15 14 2 12 3 1 13 24 17 5 10
8 82 4 3 12 7 25
8 49 11 8 20 2 9 1 19 15 14 25 3 5
7 67 19 19 26 15 1 14 8 23 17 24 16 27 11 18 10 9 22 3 2 12
6 15 1 3
7 75 26 2 26 16 6 14 11 18 27 10 25 21 12 24 22 19 28 1 3 7 17 23 4 15 5 9 29
5 88 29 3 2 30 19 11 8 5 25 26 9 21 7 13 10 4 6 14 29 20 28 27 18 15 16 17 23 24 1 12
6 30 29 18 2 3 25 5 17 30 11 8 6 12 23 31 22 19 27 7 28 29 10 21 26 4 9 15 14 16 24 20
2 30 14 15 4 28 18 14 7 9 12 6 30 5 1 16 10
8 55 5 28 21 25 18 13
1 81 31 26 13 4 9 17 18 28 1 2 20 21 24 15 12 25 16 22 33 29 30 19 14 32 3 11 6 5 7 10 27 8
3 95 12 3 5 19 9 7 24 10 11 34 17 18 14
4 44 29 4 8 12 33 6 14 21 13 11 22 32 30 24 15 17 36 20 1 19 27 29 31 16 35 18 23 5 28 34
1 66 3 8 23 12
1 95 34 16 25 19 15 13 26 2 14 36 24 8 17 33 27 9 38 20 21 1 32 6 31 22 35 5 12 23 10 28 29 34 18 30 37
4 12 3 31 9 12
2 75 0
2 40 23 10 38 13 24 31 33 4 8 27 7 21 29 11 25 19 32 28 3 22 26 34 30 41
3 93 29 13 25 9 19 40 3 32 33 8 35 22 42 5 7 15 18 28 30 6 41 16 38 26 29 36 21 37 20 31
1 69 27 13 21 26 38 9 33 41 4 5 10 11 43 8 3 36 15 18 6 12 40 42 30 7 27 35 28 20
4 26 14 14 9 33 37 7 17 32 6 10 4 19 42 43 40
8 55 31 26 37 45 5 38 21 34 33 24 10 15 3 9 6 4 30 29 36 20 1 25 35 2 42 16 8 18 23 14 13 22
3 25 11 43 18 28 46 24 1 29 41 8 13 40
5 86 27 10 13 14 25 37 33 16 42 34 6 47 4 26 9 17 12 7 3 39 18 29 24 31 28 15 23 8
7 84 47 12 18 39 21 5 27 19 9 47 46 7 34 25 20 40 22 41 1 26 48 14 6 29 38 42 28 24 4 23 2 13 3 15 10 35 30 31 8 32 17 36 33 44 16 37 11 43
8 93 27 17 19 30 28 24 16 36 11 22 32 33 37 20 43 1 39 12 47 45 44 34 42 13 3 7 4 46
4 79 4 25 18 5 37
3 30 19 15 16 45 50 18 37 40 38 19 25 44 23 42 27 17 43 30 24 46
6 25 38 12 48 52 14 23 27 1 44 3 21 45 39 7 16 43 47 17 32 11 4 50 2 40 36 34 10 25 8 30 19 18 28 13 26 49 38 5 37
4 84 49 8 41 30 53 46 38 12 25 37 34 11 15 49 45 31 48 5 13 22 24 36 44 14 35 51 17 33 9 47 18 3 2 26 19 10 28 20 50 6 1 7 29 40 52 23 27 16 39 4
3 33 13 28 14 54 8 35 46 26 5 37 48 22 23 31
2 55 1 41
6 68 11 25 56 34 13 49 29 7 22 28 18 1
2 63 9 6 32 3 21 17 2 15 47 33
1 37 18 40 30 23 12 27 32 18 48 11 29 6 20 45 41 4 1 46 17
8 23 23 35 30 14 56 22 37 25 18 28 8 46 47 42 27 21 11 23 16 54 17 45 3 4
8 88 35 45 32 55 7 15 46 49 59 4 44 56 24 29 30 52 1 2 20 11 57 43 13 41 40 54 6 23 34 10 39 42 21 47 3 8
8
49.869596
6 76 0
4 34 0
5 83 2 1 2
2 11 0
3 19 3 3 4 2
3 31 0
7 3 2 1 6
2 92 3 3 7 4
8
48.041747
5 60 0
8 76 1 1
3 11 2 1 2
6 68 3 1 2 3
4 94 3 3 1 2
2 25 5 1 4 3 5 2
8 66 3 6 3 4
2 85 5 4 1 2 3 6
18
9.244601
1 41 0
7 49 1 1
5 50 2 2 1
7 10 3 2 1 3
8 90 1 1
8 2 1 2
7 1 5 2 5 6 1 4
4 11 3 7 2 1
2 29 4 3 2 6 7
1 25 1 8
4 21 6 1 6 9 2 7 10
4 39 2 6 7
7 60 3 11 12 8
5 67 11 13 11 1 12 3 6 4 2 5 10 7
7 50 6 12 14 10 11 2 13
5 16 13 14 5 11 15 12 3 7 4 13 9 2 10 8
2 42 7 2 4 16 5 11 12 1
1 16 10 5 14 7 9 1 2 17 4 13 16
2
0.075484
3 70 0
2 44 0
2
23.265994
5 22 0
3 5 1 1
1
55.99139
3 52 0
