6
15
9
43.842951
2 90 0
3 24 0
3 77 1 1
2 49 2 1 2
3 81 1 2
5 21 4 1 2 3 4
5 58 2 1 5
4 54 0
4 5 4 1 3 5 6
5
37.302070
5 23 0
5 1 0
2 27 1 1
5 48 2 2 3
6 52 3 1 2 3
1
16.627302
3 54 0
4
49.086412
3 49 0
2 6 0
5 28 1 1
3 9 0
6
14.009816
2 27 0
2 49 0
3 88 1 2
6 90 1 1
5 68 3 1 2 3
6 46 0
3
42.981292
2 46 0
5 94 0
6 4 1 1
12
53.814743
2 27 0
4 12 0
3 69 1 1
5 9 1 3
2 54 3 2 3 4
6 88 1 3
3 76 1 4
5 30 3 1 6 7
6 15 7 2 3 4 5 6 7 8
1 56 4 5 6 7 9
2 72 0
3 51 2 2 7
8
3.335709
6 54 0
5 15 0
5 92 0
2 50 1 2
6 60 0
1 30 0
2 44 1 6
2 87 1 2
18
0.025319
6 32 0
2 71 0
5 93 0
1 8 1 1
1 59 0
2 96 1 1
5 32 5 2 3 4 5 6
3 22 0
4 87 0
6 45 4 3 4 6 8
3 64 0
4 57 9 1 2 3 4 5 6 9 10 11
4 56 4 3 4 11 12
1 36 7 1 3 4 8 9 12 13
2 12 6 5 7 8 9 11 14
2 5 7 1 2 5 7 9 12 14
1 26 13 1 2 4 5 6 7 8 9 11 13 14 15 16
6 44 11 1 2 3 5 8 9 10 12 14 16 17
1
3.661452
2 85 0
2
37.964910
5 57 0
6 64 0
1
59.034481
5 94 0
1
47.336678
3 1 0
2
53.101030
4 1 0
1 25 0
5
15.917551
3 52 0
3 92 0
5 60 0
1 70 1 3
1 85 1 3
