6
10
10
60.374349
5 94 0
3 71 3 1 6 9
5 81 3 1 6 7
3 90 3 5 1 2
5 87 3 2 1 10
5 90 0
3 82 0
5 91 3 3 4 6
4 73 3 7 6 1
2 79 3 9 1 7
10
62.012405
3 94 0
2 83 3 3 10 1
4 85 3 9 1 10
4 80 3 10 2 9
2 93 0
3 73 3 10 2 5
4 93 3 6 9 4
4 94 3 5 9 1
2 83 0
3 80 3 8 9 5
10
60.386498
5 73 3 4 6 7
3 93 3 5 7 6
2 81 3 1 7 4
2 82 0
3 82 3 3 7 1
4 85 0
3 80 0
4 72 3 3 1 4
5 87 3 8 7 4
4 85 3 7 5 6
10
60.213704
4 90 0
3 78 3 9 5 7
5 89 3 1 9 7
4 70 3 10 3 7
4 72 3 7 1 10
4 72 3 5 10 7
2 85 0
4 77 3 9 4 2
3 93 0
2 88 3 1 7 9
10
60.098070
3 70 3 10 9 5
5 76 3 4 10 9
5 82 0
3 79 3 10 7 5
3 76 3 3 10 7
2 89 3 2 8 1
4 82 0
2 86 3 7 10 4
5 79 0
5 91 3 3 7 9
10
63.313640
2 85 3 8 3 2
5 80 3 3 7 5
5 73 3 6 7 5
4 88 3 8 7 3
3 84 0
4 89 0
5 76 3 8 6 5
3 88 0
3 93 3 8 4 6
4 75 3 6 8 5
10
61.402470
3 75 3 3 10 9
4 71 3 10 6 3
3 71 0
2 70 3 8 1 3
2 92 3 1 6 8
5 78 0
4 79 3 5 6 1
3 82 3 3 6 1
4 77 3 6 2 10
4 87 0
10
61.653511
4 94 3 9 6 5
5 84 0
5 89 0
4 72 3 5 3 2
3 92 3 2 3 8
4 94 3 3 4 2
5 95 3 6 3 8
3 74 0
4 76 3 8 2 5
4 81 3 9 5 8
10
63.532928
5 87 3 8 9 3
4 83 3 1 10 5
2 92 3 9 5 8
3 93 3 6 5 1
2 72 0
4 75 3 9 10 3
3 85 3 10 5 2
3 78 0
2 87 0
4 91 3 3 8 9
10
61.806522
4 81 0
5 70 0
2 93 0
5 83 3 1 2 3
5 75 3 1 2 4
3 78 3 4 3 8
3 75 3 1 8 5
4 86 3 3 5 4
2 80 3 3 10 5
2 73 3 4 6 2
