8
30
4
54.832956
2 2 0
4 30 0
4 9 0
7 71 3 1 2 3
4
44.338845
5 76 0
6 12 0
8 82 1 2
3 81 2 2 3
4
21.947156
8 8 0
1 90 1 1
4 41 2 1 2
2 25 0
4
36.847709
4 90 0
5 76 1 1
7 92 1 2
7 49 2 1 2
4
48.301358
8 77 0
7 9 1 1
8 90 1 1
8 14 1 2
4
19.226543
8 21 0
7 65 1 1
8 5 2 1 2
2 52 2 1 2
4
56.843691
3 42 0
8 89 0
4 96 0
3 46 2 1 2
4
35.355679
4 65 0
7 55 0
4 89 1 1
5 63 1 3
4
7.554945
5 55 0
8 45 1 1
2 93 0
2 82 1 2
4
62.224847
6 86 0
5 52 1 1
3 29 1 1
6 88 2 1 2
3
54.42662
1 54 0
8 66 0
8 58 0
3
0.768999
2 75 0
5 32 0
7 18 0
3
55.13373
2 86 0
7 59 1 1
1 40 1 1
3
8.999844
7 7 0
2 90 0
4 2 0
3
17.549089
8 74 0
8 63 0
5 49 2 1 2
3
49.317191
2 37 0
4 15 0
6 80 1 2
3
25.469469
5 15 0
8 90 1 1
8 94 1 1
3
47.515818
8 59 0
2 36 1 1
5 14 0
3
34.507796
3 57 0
5 76 1 1
4 5 1 1
3
40.1486
5 32 0
5 54 0
8 17 1 2
3
40.51896
8 58 0
6 9 0
8 38 0
3
33.579945
4 68 0
5 57 0
2 73 2 1 2
3
35.546779
4 69 0
5 40 1 1
5 93 1 1
3
24.835257
8 86 0
8 49 0
3 54 1 2
3
30.423084
6 23 0
2 65 0
3 76 1 2
3
54.496602
7 53 0
5 70 0
6 56 2 1 2
3
22.642431
5 80 0
7 55 0
1 72 2 1 2
3
49.411401
5 31 0
6 3 1 1
3 37 2 1 2
3
7.131166
1 42 0
5 93 0
1 35 0
3
43.495994
5 75 0
1 21 0
8 90 1 2
