4
4
22
49.208603
2 28 0
3 82 1 1
3 33 2 1 2
1 42 0
2 15 3 1 3 4
2 80 4 1 2 3 4
1 30 3 1 3 4
1 16 3 2 6 7
3 26 2 6 7
3 63 6 3 4 5 7 8 9
4 29 7 3 4 5 6 7 9 10
3 68 4 3 9 10 11
1 11 6 2 3 4 5 6 10
3 65 5 2 3 8 9 12
1 13 5 1 2 4 7 11
2 40 9 2 3 4 8 9 10 12 13 15
3 13 7 2 6 7 8 12 13 16
2 34 9 1 2 4 5 8 11 14 15 16
2 53 6 4 6 7 8 15 17
3 57 9 4 5 7 8 9 14 16 17 19
1 5 9 4 6 7 8 12 13 14 17 20
1 81 9 6 10 11 12 13 17 18 19 21
32
52.642014
4 54 0
4 37 0
1 49 1 2
2 27 2 2 3
4 38 2 2 4
4 64 3 2 3 5
3 24 5 1 2 3 4 6
4 66 3 1 2 6
2 95 5 1 2 3 5 8
2 40 6 3 4 5 6 8 9
2 62 2 2 6
4 77 6 1 3 5 6 9 10
1 71 5 1 3 4 10 11
3 88 5 6 9 10 11 13
1 8 6 1 4 9 10 11 13
4 53 4 1 2 5 12
4 37 8 1 3 5 7 8 12 13 16
1 19 12 1 5 6 7 8 10 11 13 14 15 16 17
2 52 10 1 3 5 9 12 13 14 15 17 18
3 36 10 1 2 5 10 11 13 15 16 17 19
1 58 12 2 4 5 6 7 9 12 13 14 16 18 20
3 42 13 1 4 7 9 10 11 13 14 16 18 19 20 21
1 81 11 2 3 5 6 7 9 11 12 16 19 20
3 54 11 1 2 5 6 8 9 12 18 19 20 23
2 23 13 4 6 7 9 11 12 14 15 16 19 21 23 24
2 47 13 1 2 3 5 7 10 11 12 14 17 18 20 25
3 31 16 1 2 3 4 5 6 7 10 11 12 14 15 18 21 23 25
3 34 12 2 3 6 9 10 13 15 18 20 22 26 27
1 26 13 6 7 9 10 11 12 15 16 20 21 24 26 27
4 41 17 1 2 7 8 9 10 11 12 13 15 16 20 22 24 25 26 28
3 9 9 1 2 3 12 14 15 27 28 30
3 60 14 1 2 3 4 6 15 17 19 21 24 27 28 29 30
24
27.408859
4 32 0
3 21 0
3 48 0
3 73 2 1 3
4 85 3 1 2 4
4 9 5 1 2 3 4 5
3 64 3 2 3 6
1 58 5 1 3 4 6 7
1 47 5 1 2 3 5 7
3 37 6 2 3 4 5 6 7
2 60 4 1 4 6 9
4 1 3 4 6 7
1 4 6 2 3 8 9 10 11
4 64 6 2 4 6 11 12 13
2 76 6 1 2 3 5 7 11
3 9 8 1 2 4 8 9 10 11 12
4 72 6 1 2 7 8 12 15
2 88 8 1 2 3 9 13 15 16 17
4 34 10 3 4 5 6 7 9 11 13 15 17
1 86 9 3 4 5 7 8 9 13 16 19
4 2 8 1 6 8 9 12 15 17 18
2 45 10 1 2 4 7 8 9 13 14 16 17
1 84 11 5 6 7 8 9 10 11 16 18 20 22
4 82 13 1 2 3 4 5 6 9 10 12 13 17 19 21
22
62.870949
1 96 0
4 40 0
3 25 1 2
3 42 3 1 2 3
3 57 1 1
3 85 4 1 2 4 5
2 60 3 2 4 6
2 62 4 1 4 5 6
2 49 4 4 5 7 8
3 70 6 1 2 3 4 6 8
1 76 8 1 2 3 4 7 8 9 10
2 72 9 2 3 4 5 6 7 8 10 11
4 3 6 2 3 4 5 9 11
4 11 7 4 5 7 8 9 12 13
4 11 4 6 7 12 14
2 60 9 2 3 5 6 7 8 9 12 15
1 51 9 1 3 4 8 9 12 13 14 16
2 3 7 1 3 4 7 9 12 15
2 31 10 1 2 3 6 8 12 14 15 16 18
1 23 11 1 5 8 9 10 11 13 15 16 18 19
4 84 9 7 10 11 12 15 16 17 18 20
2 31 9 2 3 6 8 9 10 15 17 20
