8
30
3
5.303645
1 20 0
7 10 1 1
3 20 2 1 2
3
37.686235
7 20 0
1 20 1 1
1 10 2 1 2
3
16.859548
5 20 0
6 10 1 1
4 30 2 1 2
3
28.2354
1 10 0
4 20 1 1
7 10 2 1 2
3
15.844611
6 10 0
3 10 1 1
4 20 2 1 2
3
16.14574
5 20 0
6 30 1 1
7 10 2 1 2
3
63.356823
8 20 0
8 10 1 1
7 30 2 1 2
3
44.643788
6 30 0
5 10 1 1
4 30 2 1 2
3
40.71628
4 20 0
4 10 1 1
7 30 2 1 2
3
8.444336
4 20 0
4 20 1 1
7 30 2 1 2
3
14.311276
4 20 0
5 10 1 1
3 30 2 1 2
3
9.815585
5 10 0
4 10 1 1
7 10 2 1 2
3
24.281613
6 10 0
4 30 1 1
1 20 2 1 2
3
34.279574
3 10 0
2 20 1 1
8 20 2 1 2
3
63.825134
1 30 0
7 20 1 1
3 10 2 1 2
3
1.002264
7 30 0
4 30 1 1
4 30 2 1 2
3
10.187633
8 20 0
2 20 1 1
7 20 2 1 2
3
30.535775
8 10 0
3 20 1 1
7 30 2 1 2
3
24.941156
4 10 0
5 20 1 1
7 20 2 1 2
3
3.259025
3 30 0
2 30 1 1
7 30 2 1 2
3
62.450089
5 10 0
8 30 1 1
2 10 2 1 2
3
17.568987
2 30 0
2 10 1 1
3 30 2 1 2
3
8.471838
1 10 0
7 10 1 1
5 30 2 1 2
3
57.432495
6 30 0
2 20 1 1
2 20 2 1 2
3
35.355982
4 20 0
6 10 1 1
5 20 2 1 2
3
27.890542
5 10 0
8 30 1 1
5 30 2 1 2
3
43.71515
3 20 0
4 30 1 1
4 20 2 1 2
3
12.565114
7 10 0
1 10 1 1
3 20 2 1 2
3
43.298602
2 10 0
5 30 1 1
7 10 2 1 2
3
13.097318
6 10 0
6 30 1 1
4 20 2 1 2
